id:DB00006	ddi:188	5	0	0	0	0	1
id:DB00007	ddi:459	10	0	0	0	0	1
id:DB00014	ddi:411	5	0	0	0	0	1
id:DB00035	ddi:389	5	0	0	0	0	1
id:DB00080	ddi:386	5	0	0	0	0	1
id:DB00104	ddi:278	5	0	0	0	0	1
id:DB00115	ddi:284	15	0	0	0	0	1
id:DB00118	ddi:4	5	0	0	0	0	1
id:DB00126	ddi:22	20	0	0	0	0	1
id:DB00130	ddi:1	5	0	0	0	0	1
id:DB00134	ddi:1	5	0	0	0	0	1
id:DB00136	ddi:170	10	0	0	0	0	1
id:DB00140	ddi:28	10	0	0	0	0	1
id:DB00142	ddi:8	5	0	0	0	0	1
id:DB00145	ddi:7	5	0	0	0	0	1
id:DB00146	ddi:66	5	0	0	0	0	1
id:DB00150	ddi:269	5	0	0	0	0	1
id:DB00152	ddi:24	5	0	0	0	0	1
id:DB00153	ddi:58	5	0	0	0	0	1
id:DB00158	ddi:301	25	0	0	0	0	1
id:DB00162	ddi:35	25	0	0	0	0	1
id:DB00165	ddi:238	10	0	0	0	0	1
id:DB00166	ddi:39	5	0	0	0	0	1
id:DB00169	ddi:141	45	0	0	0	0	1
id:DB00170	ddi:15	5	0	0	0	0	1
id:DB00175	ddi:269	15	0	0	0	0	1
id:DB00177	ddi:333	45	0	0	0	0	1
id:DB00178	ddi:200	40	0	0	0	0	1
id:DB00180	ddi:326	10	0	0	0	0	1
id:DB00183	ddi:1	5	0	0	0	0	1
id:DB00184	ddi:279	5	0	0	0	0	1
id:DB00185	ddi:386	5	0	0	0	0	1
id:DB00189	ddi:258	5	0	0	0	0	1
id:DB00191	ddi:394	5	0	0	0	0	1
id:DB00194	ddi:1	10	0	0	0	0	1
id:DB00197	ddi:424	5	0	0	0	0	1
id:DB00198	ddi:278	5	0	0	0	0	1
id:DB00200	ddi:246	15	0	0	0	0	1
id:DB00201	ddi:238	15	0	0	0	0	1
id:DB00203	ddi:443	10	0	0	0	0	1
id:DB00204	ddi:304	5	0	0	0	0	1
id:DB00205	ddi:63	15	0	0	0	0	1
id:DB00207	ddi:317	15	0	0	0	0	1
id:DB00209	ddi:410	10	0	0	0	0	1
id:DB00210	ddi:1	10	0	0	0	0	1
id:DB00211	ddi:237	5	0	0	0	0	1
id:DB00212	ddi:166	5	0	0	0	0	1
id:DB00213	ddi:416	15	0	0	0	0	1
id:DB00217	ddi:222	5	0	0	0	0	1
id:DB00218	ddi:314	10	0	0	0	0	1
id:DB00219	ddi:364	10	0	0	0	0	1
id:DB00222	ddi:333	15	0	0	0	0	1
id:DB00223	ddi:38	5	0	0	0	0	1
id:DB00224	ddi:424	5	0	0	0	0	1
id:DB00225	ddi:247	5	0	0	0	0	1
id:DB00227	ddi:449	10	0	0	0	0	1
id:DB00228	ddi:290	5	0	0	0	0	1
id:DB00229	ddi:310	5	0	0	0	0	1
id:DB00233	ddi:132	15	0	0	0	0	1
id:DB00234	ddi:334	5	0	0	0	0	1
id:DB00235	ddi:250	5	0	0	0	0	1
id:DB00238	ddi:286	15	0	0	0	0	1
id:DB00239	ddi:2	15	0	0	0	0	1
id:DB00240	ddi:38	10	0	0	0	0	1
id:DB00242	ddi:231	10	0	0	0	0	1
id:DB00250	ddi:237	10	0	0	0	0	1
id:DB00253	ddi:39	5	0	0	0	0	1
id:DB00256	ddi:156	10	0	0	0	0	1
id:DB00257	ddi:1	20	0	0	0	0	1
id:DB00258	ddi:121	15	0	0	0	0	1
id:DB00259	ddi:3	15	0	0	0	0	1
id:DB00260	ddi:46	5	0	0	0	0	1
id:DB00261	ddi:397	5	0	0	0	0	1
id:DB00263	ddi:329	15	0	0	0	0	1
id:DB00267	ddi:255	5	0	0	0	0	1
id:DB00268	ddi:371	5	0	0	0	0	1
id:DB00269	ddi:47	5	0	0	0	0	1
id:DB00271	ddi:247	5	0	0	0	0	1
id:DB00274	ddi:254	5	0	0	0	0	1
id:DB00275	ddi:224	20	0	0	0	0	1
id:DB00276	ddi:135	5	0	0	0	0	1
id:DB00277	ddi:413	25	0	0	0	0	1
id:DB00278	ddi:188	5	0	0	0	0	1
id:DB00282	ddi:323	5	0	0	0	0	1
id:DB00283	ddi:432	15	0	0	0	0	1
id:DB00284	ddi:186	10	0	0	0	0	1
id:DB00287	ddi:65	5	0	0	0	0	1
id:DB00288	ddi:38	5	0	0	0	0	1
id:DB00290	ddi:344	5	0	0	0	0	1
id:DB00291	ddi:150	5	0	0	0	0	1
id:DB00293	ddi:126	5	0	0	0	0	1
id:DB00294	ddi:426	5	0	0	0	0	1
id:DB00297	ddi:454	10	0	0	0	0	1
id:DB00298	ddi:3	5	0	0	0	0	1
id:DB00299	ddi:91	10	0	0	0	0	1
id:DB00300	ddi:383	45	0	0	0	0	1
id:DB00301	ddi:171	10	0	0	0	0	1
id:DB00302	ddi:34	5	0	0	0	0	1
id:DB00303	ddi:247	5	0	0	0	0	1
id:DB00304	ddi:290	20	0	0	0	0	1
id:DB00305	ddi:138	5	0	0	0	0	1
id:DB00306	ddi:314	5	0	0	0	0	1
id:DB00307	ddi:311	5	0	0	0	0	1
id:DB00308	ddi:406	5	0	0	0	0	1
id:DB00309	ddi:258	5	0	0	0	0	1
id:DB00314	ddi:323	5	0	0	0	0	1
id:DB00317	ddi:265	5	0	0	0	0	1
id:DB00319	ddi:352	10	0	0	0	0	1
id:DB00324	ddi:216	45	0	0	0	0	1
id:DB00326	ddi:90	5	0	0	0	0	1
id:DB00330	ddi:447	20	0	0	0	0	1
id:DB00332	ddi:362	20	0	0	0	0	1
id:DB00337	ddi:96	5	0	0	0	0	1
id:DB00338	ddi:352	15	0	0	0	0	1
id:DB00339	ddi:247	15	0	0	0	0	1
id:DB00340	ddi:365	5	0	0	0	0	1
id:DB00345	ddi:123	5	0	0	0	0	1
id:DB00346	ddi:339	10	0	0	0	0	1
id:DB00350	ddi:181	10	0	0	0	0	1
id:DB00352	ddi:125	5	0	0	0	0	1
id:DB00353	ddi:231	10	0	0	0	0	1
id:DB00354	ddi:490	10	0	0	0	0	1
id:DB00355	ddi:247	5	0	0	0	0	1
id:DB00357	ddi:117	5	0	0	0	0	1
id:DB00358	ddi:443	10	0	0	0	0	1
id:DB00360	ddi:84	5	0	0	0	0	1
id:DB00361	ddi:341	5	0	0	0	0	1
id:DB00364	ddi:307	5	0	0	0	0	1
id:DB00365	ddi:401	5	0	0	0	0	1
id:DB00366	ddi:490	10	0	0	0	0	1
id:DB00367	ddi:262	30	0	0	0	0	1
id:DB00368	ddi:331	5	0	0	0	0	1
id:DB00369	ddi:289	5	0	0	0	0	1
id:DB00371	ddi:262	15	0	0	0	0	1
id:DB00376	ddi:365	5	0	0	0	0	1
id:DB00378	ddi:57	15	0	0	0	0	1
id:DB00379	ddi:252	5	0	0	0	0	1
id:DB00380	ddi:355	5	0	0	0	0	1
id:DB00381	ddi:369	150	0	0	0	0	1
id:DB00382	ddi:250	5	0	0	0	0	1
id:DB00383	ddi:364	10	0	0	0	0	1
id:DB00387	ddi:365	5	0	0	0	0	1
id:DB00388	ddi:315	45	0	0	0	0	1
id:DB00389	ddi:172	5	0	0	0	0	1
id:DB00392	ddi:399	5	0	0	0	0	1
id:DB00394	ddi:413	40	0	0	0	0	1
id:DB00395	ddi:315	15	0	0	0	0	1
id:DB00396	ddi:437	10	0	0	0	0	1
id:DB00397	ddi:258	10	0	0	0	0	1
id:DB00399	ddi:115	10	0	0	0	0	1
id:DB00400	ddi:84	10	0	0	0	0	1
id:DB00405	ddi:398	10	0	0	0	0	1
id:DB00408	ddi:380	5	0	0	0	0	1
id:DB00409	ddi:363	5	0	0	0	0	1
id:DB00410	ddi:1	10	0	0	0	0	1
id:DB00411	ddi:45	10	0	0	0	0	1
id:DB00414	ddi:309	5	0	0	0	0	1
id:DB00415	ddi:306	20	0	0	0	0	1
id:DB00417	ddi:77	15	0	0	0	0	1
id:DB00422	ddi:229	5	0	0	0	0	1
id:DB00423	ddi:261	15	0	0	0	0	1
id:DB00427	ddi:398	5	0	0	0	0	1
id:DB00428	ddi:124	5	0	0	0	0	1
id:DB00429	ddi:6	5	0	0	0	0	1
id:DB00430	ddi:255	5	0	0	0	0	1
id:DB00431	ddi:1	5	0	0	0	0	1
id:DB00432	ddi:395	10	0	0	0	0	1
id:DB00435	ddi:347	5	0	0	0	0	1
id:DB00437	ddi:401	10	0	0	0	0	1
id:DB00438	ddi:269	5	0	0	0	0	1
id:DB00439	ddi:362	5	0	0	0	0	1
id:DB00442	ddi:94	5	0	0	0	0	1
id:DB00445	ddi:138	5	0	0	0	0	1
id:DB00446	ddi:271	35	0	0	0	0	1
id:DB00447	ddi:255	5	0	0	0	0	1
id:DB00448	ddi:303	35	0	0	0	0	1
id:DB00449	ddi:3	5	0	0	0	0	1
id:DB00451	ddi:272	5	0	0	0	0	1
id:DB00452	ddi:301	15	0	0	0	0	1
id:DB00453	ddi:154	5	0	0	0	0	1
id:DB00455	ddi:171	5	0	0	0	0	1
id:DB00456	ddi:305	5	0	0	0	0	1
id:DB00457	ddi:251	10	0	0	0	0	1
id:DB00459	ddi:26	5	0	0	0	0	1
id:DB00460	ddi:11	5	0	0	0	0	1
id:DB00463	ddi:369	5	0	0	0	0	1
id:DB00467	ddi:318	5	0	0	0	0	1
id:DB00471	ddi:204	10	0	0	0	0	1
id:DB00474	ddi:393	15	0	0	0	0	1
id:DB00475	ddi:278	5	0	0	0	0	1
id:DB00479	ddi:287	20	0	0	0	0	1
id:DB00480	ddi:370	5	0	0	0	0	1
id:DB00481	ddi:186	5	0	0	0	0	1
id:DB00484	ddi:283	10	0	0	0	0	1
id:DB00485	ddi:137	10	0	0	0	0	1
id:DB00487	ddi:318	5	0	0	0	0	1
id:DB00488	ddi:124	5	0	0	0	0	1
id:DB00491	ddi:186	5	0	0	0	0	1
id:DB00493	ddi:306	5	0	0	0	0	1
id:DB00494	ddi:315	5	0	0	0	0	1
id:DB00495	ddi:404	20	0	0	0	0	1
id:DB00499	ddi:429	5	0	0	0	0	1
id:DB00505	ddi:364	5	0	0	0	0	1
id:DB00508	ddi:456	5	0	0	0	0	1
id:DB00511	ddi:190	5	0	0	0	0	1
id:DB00512	ddi:280	15	0	0	0	0	1
id:DB00513	ddi:14	5	0	0	0	0	1
id:DB00518	ddi:264	5	0	0	0	0	1
id:DB00519	ddi:202	10	0	0	0	0	1
id:DB00520	ddi:103	5	0	0	0	0	1
id:DB00521	ddi:117	15	0	0	0	0	1
id:DB00523	ddi:27	10	0	0	0	0	1
id:DB00526	ddi:317	5	0	0	0	0	1
id:DB00527	ddi:295	25	0	0	0	0	1
id:DB00529	ddi:388	5	0	0	0	0	1
id:DB00535	ddi:324	5	0	0	0	0	1
id:DB00539	ddi:259	5	0	0	0	0	1
id:DB00541	ddi:425	5	0	0	0	0	1
id:DB00542	ddi:225	10	0	0	0	0	1
id:DB00545	ddi:106	5	0	0	0	0	1
id:DB00546	ddi:308	5	0	0	0	0	1
id:DB00547	ddi:258	10	0	0	0	0	1
id:DB00548	ddi:245	5	0	0	0	0	1
id:DB00549	ddi:177	5	0	0	0	0	1
id:DB00550	ddi:269	5	0	0	0	0	1
id:DB00552	ddi:367	5	0	0	0	0	1
id:DB00553	ddi:311	10	0	0	0	0	1
id:DB00558	ddi:247	5	0	0	0	0	1
id:DB00560	ddi:121	10	0	0	0	0	1
id:DB00561	ddi:121	5	0	0	0	0	1
id:DB00565	ddi:428	5	0	0	0	0	1
id:DB00569	ddi:379	5	0	0	0	0	1
id:DB00574	ddi:436	5	0	0	0	0	1
id:DB00576	ddi:79	25	0	0	0	0	1
id:DB00577	ddi:284	5	0	0	0	0	1
id:DB00578	ddi:103	10	0	0	0	0	1
id:DB00579	ddi:281	5	0	0	0	0	1
id:DB00581	ddi:303	10	0	0	0	0	1
id:DB00582	ddi:452	5	0	0	0	0	1
id:DB00583	ddi:318	5	0	0	0	0	1
id:DB00584	ddi:331	20	0	0	0	0	1
id:DB00585	ddi:205	5	0	0	0	0	1
id:DB00592	ddi:126	5	0	0	0	0	1
id:DB00594	ddi:346	5	0	0	0	0	1
id:DB00595	ddi:224	30	0	0	0	0	1
id:DB00596	ddi:38	5	0	0	0	0	1
id:DB00597	ddi:247	5	0	0	0	0	1
id:DB00602	ddi:159	10	0	0	0	0	1
id:DB00607	ddi:228	10	0	0	0	0	1
id:DB00609	ddi:11	5	0	0	0	0	1
id:DB00610	ddi:205	5	0	0	0	0	1
id:DB00611	ddi:317	5	0	0	0	0	1
id:DB00613	ddi:261	10	0	0	0	0	1
id:DB00615	ddi:180	5	0	0	0	0	1
id:DB00618	ddi:155	15	0	0	0	0	1
id:DB00621	ddi:98	5	0	0	0	0	1
id:DB00623	ddi:377	5	0	0	0	0	1
id:DB00626	ddi:240	15	0	0	0	0	1
id:DB00627	ddi:199	20	0	0	0	0	1
id:DB00630	ddi:180	20	0	0	0	0	1
id:DB00634	ddi:1	15	0	0	0	0	1
id:DB00636	ddi:190	5	0	0	0	0	1
id:DB00637	ddi:390	5	0	0	0	0	1
id:DB00640	ddi:280	5	0	0	0	0	1
id:DB00641	ddi:374	30	0	0	0	0	1
id:DB00643	ddi:1	10	0	0	0	0	1
id:DB00645	ddi:256	10	0	0	0	0	1
id:DB00646	ddi:42	20	0	0	0	0	1
id:DB00648	ddi:289	5	0	0	0	0	1
id:DB00649	ddi:152	10	0	0	0	0	1
id:DB00650	ddi:75	10	0	0	0	0	1
id:DB00651	ddi:360	20	0	0	0	0	1
id:DB00652	ddi:320	5	0	0	0	0	1
id:DB00654	ddi:3	10	0	0	0	0	1
id:DB00655	ddi:30	10	0	0	0	0	1
id:DB00658	ddi:135	5	0	0	0	0	1
id:DB00659	ddi:49	5	0	0	0	0	1
id:DB00662	ddi:259	5	0	0	0	0	1
id:DB00663	ddi:198	25	0	0	0	0	1
id:DB00664	ddi:33	10	0	0	0	0	1
id:DB00665	ddi:361	5	0	0	0	0	1
id:DB00666	ddi:59	5	0	0	0	0	1
id:DB00670	ddi:364	5	0	0	0	0	1
id:DB00671	ddi:17	5	0	0	0	0	1
id:DB00673	ddi:291	5	0	0	0	0	1
id:DB00674	ddi:341	5	0	0	0	0	1
id:DB00680	ddi:465	5	0	0	0	0	1
id:DB00681	ddi:444	20	0	0	0	0	1
id:DB00684	ddi:324	10	0	0	0	0	1
id:DB00685	ddi:318	5	0	0	0	0	1
id:DB00686	ddi:188	10	0	0	0	0	1
id:DB00687	ddi:310	20	0	0	0	0	1
id:DB00691	ddi:333	10	0	0	0	0	1
id:DB00693	ddi:112	10	0	0	0	0	1
id:DB00694	ddi:277	10	0	0	0	0	1
id:DB00698	ddi:422	10	0	0	0	0	1
id:DB00699	ddi:263	5	0	0	0	0	1
id:DB00701	ddi:408	5	0	0	0	0	1
id:DB00703	ddi:373	10	0	0	0	0	1
id:DB00704	ddi:273	15	0	0	0	0	1
id:DB00705	ddi:367	5	0	0	0	0	1
id:DB00709	ddi:374	65	0	0	0	0	1
id:DB00710	ddi:320	10	0	0	0	0	1
id:DB00711	ddi:104	5	0	0	0	0	1
id:DB00713	ddi:305	10	0	0	0	0	1
id:DB00716	ddi:248	15	0	0	0	0	1
id:DB00717	ddi:333	30	0	0	0	0	1
id:DB00718	ddi:276	5	0	0	0	0	1
id:DB00719	ddi:182	5	0	0	0	0	1
id:DB00720	ddi:128	5	0	0	0	0	1
id:DB00723	ddi:205	5	0	0	0	0	1
id:DB00725	ddi:363	10	0	0	0	0	1
id:DB00727	ddi:187	15	0	0	0	0	1
id:DB00730	ddi:335	10	0	0	0	0	1
id:DB00733	ddi:247	5	0	0	0	0	1
id:DB00736	ddi:149	15	0	0	0	0	1
id:DB00737	ddi:350	10	0	0	0	0	1
id:DB00739	ddi:77	10	0	0	0	0	1
id:DB00740	ddi:427	5	0	0	0	0	1
id:DB00741	ddi:404	80	0	0	0	0	1
id:DB00743	ddi:385	5	0	0	0	0	1
id:DB00745	ddi:218	5	0	0	0	0	1
id:DB00746	ddi:2	5	0	0	0	0	1
id:DB00747	ddi:398	20	0	0	0	0	1
id:DB00748	ddi:398	5	0	0	0	0	1
id:DB00750	ddi:272	10	0	0	0	0	1
id:DB00754	ddi:334	5	0	0	0	0	1
id:DB00755	ddi:412	15	0	0	0	0	1
id:DB00758	ddi:390	5	0	0	0	0	1
id:DB00760	ddi:246	10	0	0	0	0	1
id:DB00761	ddi:326	15	0	0	0	0	1
id:DB00762	ddi:372	5	0	0	0	0	1
id:DB00764	ddi:357	10	0	0	0	0	1
id:DB00765	ddi:364	5	0	0	0	0	1
id:DB00768	ddi:1	10	0	0	0	0	1
id:DB00770	ddi:88	10	0	0	0	0	1
id:DB00771	ddi:367	5	0	0	0	0	1
id:DB00772	ddi:3	5	0	0	0	0	1
id:DB00775	ddi:328	5	0	0	0	0	1
id:DB00776	ddi:439	5	0	0	0	0	1
id:DB00778	ddi:264	5	0	0	0	0	1
id:DB00779	ddi:368	5	0	0	0	0	1
id:DB00787	ddi:405	20	0	0	0	0	1
id:DB00789	ddi:247	5	0	0	0	0	1
id:DB00792	ddi:71	10	0	0	0	0	1
id:DB00797	ddi:179	10	0	0	0	0	1
id:DB00798	ddi:336	25	0	0	0	0	1
id:DB00799	ddi:96	5	0	0	0	0	1
id:DB00800	ddi:422	5	0	0	0	0	1
id:DB00801	ddi:278	5	0	0	0	0	1
id:DB00803	ddi:311	10	0	0	0	0	1
id:DB00807	ddi:1	5	0	0	0	0	1
id:DB00809	ddi:90	10	0	0	0	0	1
id:DB00810	ddi:411	5	0	0	0	0	1
id:DB00811	ddi:253	5	0	0	0	0	1
id:DB00816	ddi:234	15	0	0	0	0	1
id:DB00817	ddi:318	5	0	0	0	0	1
id:DB00822	ddi:347	15	0	0	0	0	1
id:DB00827	ddi:342	5	0	0	0	0	1
id:DB00828	ddi:248	5	0	0	0	0	1
id:DB00832	ddi:315	5	0	0	0	0	1
id:DB00833	ddi:339	5	0	0	0	0	1
id:DB00837	ddi:315	5	0	0	0	0	1
id:DB00838	ddi:38	5	0	0	0	0	1
id:DB00844	ddi:317	5	0	0	0	0	1
id:DB00845	ddi:294	5	0	0	0	0	1
id:DB00846	ddi:38	10	0	0	0	0	1
id:DB00847	ddi:27	10	0	0	0	0	1
id:DB00848	ddi:2	5	0	0	0	0	1
id:DB00852	ddi:346	10	0	0	0	0	1
id:DB00853	ddi:355	5	0	0	0	0	1
id:DB00855	ddi:2	5	0	0	0	0	1
id:DB00856	ddi:3	5	0	0	0	0	1
id:DB00857	ddi:346	10	0	0	0	0	1
id:DB00859	ddi:234	5	0	0	0	0	1
id:DB00860	ddi:350	95	0	0	0	0	1
id:DB00862	ddi:413	5	0	0	0	0	1
id:DB00867	ddi:232	5	0	0	0	0	1
id:DB00868	ddi:32	5	0	0	0	0	1
id:DB00869	ddi:72	10	0	0	0	0	1
id:DB00870	ddi:10	5	0	0	0	0	1
id:DB00876	ddi:248	10	0	0	0	0	1
id:DB00879	ddi:19	50	0	0	0	0	1
id:DB00881	ddi:279	10	0	0	0	0	1
id:DB00882	ddi:97	5	0	0	0	0	1
id:DB00883	ddi:120	15	0	0	0	0	1
id:DB00884	ddi:185	20	0	0	0	0	1
id:DB00888	ddi:218	5	0	0	0	0	1
id:DB00889	ddi:423	5	0	0	0	0	1
id:DB00890	ddi:29	10	0	0	0	0	1
id:DB00891	ddi:95	10	0	0	0	0	1
id:DB00892	ddi:283	10	0	0	0	0	1
id:DB00896	ddi:46	10	0	0	0	0	1
id:DB00900	ddi:361	5	0	0	0	0	1
id:DB00901	ddi:207	5	0	0	0	0	1
id:DB00902	ddi:39	5	0	0	0	0	1
id:DB00905	ddi:69	5	0	0	0	0	1
id:DB00906	ddi:356	5	0	0	0	0	1
id:DB00910	ddi:96	5	0	0	0	0	1
id:DB00911	ddi:313	30	0	0	0	0	1
id:DB00912	ddi:323	10	0	0	0	0	1
id:DB00913	ddi:14	5	0	0	0	0	1
id:DB00914	ddi:294	10	0	0	0	0	1
id:DB00916	ddi:350	85	0	0	0	0	1
id:DB00917	ddi:150	5	0	0	0	0	1
id:DB00919	ddi:1	5	0	0	0	0	1
id:DB00920	ddi:35	10	0	0	0	0	1
id:DB00922	ddi:249	5	0	0	0	0	1
id:DB00923	ddi:255	5	0	0	0	0	1
id:DB00924	ddi:398	5	0	0	0	0	1
id:DB00925	ddi:194	5	0	0	0	0	1
id:DB00926	ddi:26	5	0	0	0	0	1
id:DB00927	ddi:305	10	0	0	0	0	1
id:DB00928	ddi:355	5	0	0	0	0	1
id:DB00929	ddi:11	15	0	0	0	0	1
id:DB00931	ddi:154	10	0	0	0	0	1
id:DB00935	ddi:233	15	0	0	0	0	1
id:DB00940	ddi:401	5	0	0	0	0	1
id:DB00941	ddi:348	5	0	0	0	0	1
id:DB00943	ddi:55	5	0	0	0	0	1
id:DB00944	ddi:104	5	0	0	0	0	1
id:DB00947	ddi:17	5	0	0	0	0	1
id:DB00948	ddi:76	10	0	0	0	0	1
id:DB00950	ddi:190	5	0	0	0	0	1
id:DB00952	ddi:382	5	0	0	0	0	1
id:DB00954	ddi:108	5	0	0	0	0	1
id:DB00955	ddi:310	10	0	0	0	0	1
id:DB00956	ddi:408	5	0	0	0	0	1
id:DB00957	ddi:392	15	0	0	0	0	1
id:DB00958	ddi:361	5	0	0	0	0	1
id:DB00959	ddi:348	30	0	0	0	0	1
id:DB00963	ddi:10	5	0	0	0	0	1
id:DB00964	ddi:8	5	0	0	0	0	1
id:DB00966	ddi:308	15	0	0	0	0	1
id:DB00967	ddi:452	5	0	0	0	0	1
id:DB00969	ddi:432	5	0	0	0	0	1
id:DB00970	ddi:228	5	0	0	0	0	1
id:DB00973	ddi:120	20	0	0	0	0	1
id:DB00975	ddi:375	5	0	0	0	0	1
id:DB00976	ddi:417	5	0	0	0	0	1
id:DB00978	ddi:338	10	0	0	0	0	1
id:DB00979	ddi:90	10	0	0	0	0	1
id:DB00981	ddi:104	10	0	0	0	0	1
id:DB00982	ddi:351	15	0	0	0	0	1
id:DB00986	ddi:366	45	0	0	0	0	1
id:DB00987	ddi:184	10	0	0	0	0	1
id:DB00989	ddi:128	5	0	0	0	0	1
id:DB00990	ddi:38	5	0	0	0	0	1
id:DB00992	ddi:1	5	0	0	0	0	1
id:DB00995	ddi:247	5	0	0	0	0	1
id:DB00996	ddi:325	5	0	0	0	0	1
id:DB00997	ddi:375	5	0	0	0	0	1
id:DB01000	ddi:77	5	0	0	0	0	1
id:DB01003	ddi:2	45	0	0	0	0	1
id:DB01004	ddi:377	10	0	0	0	0	1
id:DB01005	ddi:143	5	0	0	0	0	1
id:DB01006	ddi:127	5	0	0	0	0	1
id:DB01007	ddi:14	15	0	0	0	0	1
id:DB01008	ddi:256	5	0	0	0	0	1
id:DB01010	ddi:359	5	0	0	0	0	1
id:DB01011	ddi:342	5	0	0	0	0	1
id:DB01012	ddi:160	5	0	0	0	0	1
id:DB01017	ddi:450	15	0	0	0	0	1
id:DB01019	ddi:48	5	0	0	0	0	1
id:DB01020	ddi:388	5	0	0	0	0	1
id:DB01022	ddi:243	5	0	0	0	0	1
id:DB01024	ddi:448	5	0	0	0	0	1
id:DB01029	ddi:364	20	0	0	0	0	1
id:DB01033	ddi:314	10	0	0	0	0	1
id:DB01042	ddi:124	5	0	0	0	0	1
id:DB01043	ddi:435	15	0	0	0	0	1
id:DB01044	ddi:322	10	0	0	0	0	1
id:DB01045	ddi:461	25	0	0	0	0	1
id:DB01046	ddi:369	5	0	0	0	0	1
id:DB01047	ddi:366	15	0	0	0	0	1
id:DB01048	ddi:261	20	0	0	0	0	1
id:DB01053	ddi:235	20	0	0	0	0	1
id:DB01056	ddi:136	5	0	0	0	0	1
id:DB01057	ddi:3	5	0	0	0	0	1
id:DB01058	ddi:205	5	0	0	0	0	1
id:DB01059	ddi:393	15	0	0	0	0	1
id:DB01060	ddi:315	70	0	0	0	0	1
id:DB01061	ddi:105	10	0	0	0	0	1
id:DB01063	ddi:327	5	0	0	0	0	1
id:DB01064	ddi:235	25	0	0	0	0	1
id:DB01065	ddi:394	5	0	0	0	0	1
id:DB01066	ddi:279	5	0	0	0	0	1
id:DB01070	ddi:66	5	0	0	0	0	1
id:DB01071	ddi:297	5	0	0	0	0	1
id:DB01073	ddi:135	5	0	0	0	0	1
id:DB01074	ddi:407	5	0	0	0	0	1
id:DB01076	ddi:286	40	0	0	0	0	1
id:DB01077	ddi:125	10	0	0	0	0	1
id:DB01078	ddi:190	5	0	0	0	0	1
id:DB01079	ddi:402	5	0	0	0	0	1
id:DB01080	ddi:315	5	0	0	0	0	1
id:DB01081	ddi:319	5	0	0	0	0	1
id:DB01082	ddi:324	20	0	0	0	0	1
id:DB01083	ddi:41	5	0	0	0	0	1
id:DB01084	ddi:153	5	0	0	0	0	1
id:DB01085	ddi:66	15	0	0	0	0	1
id:DB01087	ddi:461	5	0	0	0	0	1
id:DB01088	ddi:225	5	0	0	0	0	1
id:DB01089	ddi:166	10	0	0	0	0	1
id:DB01092	ddi:226	5	0	0	0	0	1
id:DB01093	ddi:381	10	0	0	0	0	1
id:DB01095	ddi:334	5	0	0	0	0	1
id:DB01096	ddi:60	5	0	0	0	0	1
id:DB01097	ddi:328	5	0	0	0	0	1
id:DB01098	ddi:419	65	0	0	0	0	1
id:DB01099	ddi:358	10	0	0	0	0	1
id:DB01102	ddi:207	5	0	0	0	0	1
id:DB01103	ddi:122	5	0	0	0	0	1
id:DB01106	ddi:209	10	0	0	0	0	1
id:DB01107	ddi:258	5	0	0	0	0	1
id:DB01108	ddi:300	5	0	0	0	0	1
id:DB01110	ddi:361	40	0	0	0	0	1
id:DB01112	ddi:279	15	0	0	0	0	1
id:DB01113	ddi:231	15	0	0	0	0	1
id:DB01116	ddi:368	5	0	0	0	0	1
id:DB01117	ddi:93	5	0	0	0	0	1
id:DB01119	ddi:198	15	0	0	0	0	1
id:DB01120	ddi:333	5	0	0	0	0	1
id:DB01121	ddi:315	5	0	0	0	0	1
id:DB01122	ddi:104	5	0	0	0	0	1
id:DB01126	ddi:204	10	0	0	0	0	1
id:DB01127	ddi:17	20	0	0	0	0	1
id:DB01128	ddi:177	10	0	0	0	0	1
id:DB01129	ddi:379	30	0	0	0	0	1
id:DB01130	ddi:41	5	0	0	0	0	1
id:DB01131	ddi:174	10	0	0	0	0	1
id:DB01132	ddi:264	25	0	0	0	0	1
id:DB01133	ddi:296	5	0	0	0	0	1
id:DB01138	ddi:245	5	0	0	0	0	1
id:DB01139	ddi:255	5	0	0	0	0	1
id:DB01140	ddi:294	5	0	0	0	0	1
id:DB01141	ddi:2	5	0	0	0	0	1
id:DB01143	ddi:91	5	0	0	0	0	1
id:DB01144	ddi:355	10	0	0	0	0	1
id:DB01146	ddi:12	10	0	0	0	0	1
id:DB01147	ddi:77	10	0	0	0	0	1
id:DB01150	ddi:255	5	0	0	0	0	1
id:DB01152	ddi:108	5	0	0	0	0	1
id:DB01155	ddi:318	5	0	0	0	0	1
id:DB01157	ddi:249	5	0	0	0	0	1
id:DB01158	ddi:326	5	0	0	0	0	1
id:DB01161	ddi:316	5	0	0	0	0	1
id:DB01162	ddi:180	5	0	0	0	0	1
id:DB01163	ddi:77	5	0	0	0	0	1
id:DB01164	ddi:108	20	0	0	0	0	1
id:DB01165	ddi:382	20	0	0	0	0	1
id:DB01170	ddi:402	15	0	0	0	0	1
id:DB01172	ddi:312	15	0	0	0	0	1
id:DB01176	ddi:446	10	0	0	0	0	1
id:DB01177	ddi:284	5	0	0	0	0	1
id:DB01178	ddi:261	15	0	0	0	0	1
id:DB01180	ddi:200	15	0	0	0	0	1
id:DB01184	ddi:420	5	0	0	0	0	1
id:DB01185	ddi:48	5	0	0	0	0	1
id:DB01190	ddi:267	20	0	0	0	0	1
id:DB01191	ddi:208	5	0	0	0	0	1
id:DB01194	ddi:3	15	0	0	0	0	1
id:DB01195	ddi:337	5	0	0	0	0	1
id:DB01196	ddi:133	5	0	0	0	0	1
id:DB01197	ddi:349	10	0	0	0	0	1
id:DB01201	ddi:302	5	0	0	0	0	1
id:DB01202	ddi:315	5	0	0	0	0	1
id:DB01204	ddi:185	5	0	0	0	0	1
id:DB01205	ddi:256	5	0	0	0	0	1
id:DB01206	ddi:123	5	0	0	0	0	1
id:DB01208	ddi:286	5	0	0	0	0	1
id:DB01209	ddi:317	5	0	0	0	0	1
id:DB01210	ddi:9	5	0	0	0	0	1
id:DB01211	ddi:467	45	0	0	0	0	1
id:DB01212	ddi:299	10	0	0	0	0	1
id:DB01213	ddi:263	5	0	0	0	0	1
id:DB01214	ddi:116	15	0	0	0	0	1
id:DB01216	ddi:218	15	0	0	0	0	1
id:DB01217	ddi:107	5	0	0	0	0	1
id:DB01218	ddi:352	5	0	0	0	0	1
id:DB01219	ddi:362	5	0	0	0	0	1
id:DB01220	ddi:54	10	0	0	0	0	1
id:DB01223	ddi:320	20	0	0	0	0	1
id:DB01228	ddi:238	5	0	0	0	0	1
id:DB01235	ddi:370	15	0	0	0	0	1
id:DB01246	ddi:450	5	0	0	0	0	1
id:DB01248	ddi:356	5	0	0	0	0	1
id:DB01249	ddi:247	5	0	0	0	0	1
id:DB01251	ddi:309	5	0	0	0	0	1
id:DB01252	ddi:188	5	0	0	0	0	1
id:DB01255	ddi:410	5	0	0	0	0	1
id:DB01256	ddi:137	5	0	0	0	0	1
id:DB01259	ddi:359	5	0	0	0	0	1
id:DB01260	ddi:41	15	0	0	0	0	1
id:DB01262	ddi:123	5	0	0	0	0	1
id:DB01263	ddi:431	5	0	0	0	0	1
id:DB01264	ddi:406	25	0	0	0	0	1
id:DB01265	ddi:3	5	0	0	0	0	1
id:DB01273	ddi:295	5	0	0	0	0	1
id:DB01278	ddi:234	5	0	0	0	0	1
id:DB01280	ddi:123	5	0	0	0	0	1
id:DB01282	ddi:94	5	0	0	0	0	1
id:DB01284	ddi:25	5	0	0	0	0	1
id:DB01288	ddi:313	20	0	0	0	0	1
id:DB01289	ddi:309	5	0	0	0	0	1
id:DB01291	ddi:208	10	0	0	0	0	1
id:DB01296	ddi:16	5	0	0	0	0	1
id:DB01298	ddi:33	5	0	0	0	0	1
id:DB01299	ddi:48	5	0	0	0	0	1
id:DB01301	ddi:121	10	0	0	0	0	1
id:DB01303	ddi:197	15	0	0	0	0	1
id:DB01319	ddi:146	5	0	0	0	0	1
id:DB01321	ddi:51	5	0	0	0	0	1
id:DB01325	ddi:407	15	0	0	0	0	1
id:DB01326	ddi:279	5	0	0	0	0	1
id:DB01327	ddi:309	5	0	0	0	0	1
id:DB01328	ddi:254	5	0	0	0	0	1
id:DB01329	ddi:278	5	0	0	0	0	1
id:DB01330	ddi:268	5	0	0	0	0	1
id:DB01331	ddi:254	5	0	0	0	0	1
id:DB01332	ddi:309	5	0	0	0	0	1
id:DB01333	ddi:367	5	0	0	0	0	1
id:DB01339	ddi:429	5	0	0	0	0	1
id:DB01340	ddi:202	10	0	0	0	0	1
id:DB01348	ddi:200	5	0	0	0	0	1
id:DB01349	ddi:81	5	0	0	0	0	1
id:DB01352	ddi:393	5	0	0	0	0	1
id:DB01353	ddi:314	5	0	0	0	0	1
id:DB01354	ddi:314	5	0	0	0	0	1
id:DB01362	ddi:27	5	0	0	0	0	1
id:DB01364	ddi:322	30	0	0	0	0	1
id:DB01365	ddi:336	5	0	0	0	0	1
id:DB01366	ddi:232	10	0	0	0	0	1
id:DB01373	ddi:105	35	0	0	0	0	1
id:DB01377	ddi:307	15	0	0	0	0	1
id:DB01382	ddi:189	10	0	0	0	0	1
id:DB01390	ddi:109	10	0	0	0	0	1
id:DB01393	ddi:150	5	0	0	0	0	1
id:DB01394	ddi:458	5	0	0	0	0	1
id:DB01396	ddi:453	5	0	0	0	0	1
id:DB01400	ddi:104	15	0	0	0	0	1
id:DB01405	ddi:338	5	0	0	0	0	1
id:DB01406	ddi:319	5	0	0	0	0	1
id:DB01407	ddi:233	15	0	0	0	0	1
id:DB01408	ddi:253	5	0	0	0	0	1
id:DB01411	ddi:82	5	0	0	0	0	1
id:DB01412	ddi:413	15	0	0	0	0	1
id:DB01413	ddi:254	10	0	0	0	0	1
id:DB01414	ddi:309	5	0	0	0	0	1
id:DB01415	ddi:324	5	0	0	0	0	1
id:DB01416	ddi:273	5	0	0	0	0	1
id:DB01421	ddi:311	5	0	0	0	0	1
id:DB01423	ddi:94	5	0	0	0	0	1
id:DB01425	ddi:7	5	0	0	0	0	1
id:DB01426	ddi:165	5	0	0	0	0	1
id:DB01427	ddi:250	5	0	0	0	0	1
id:DB01429	ddi:139	5	0	0	0	0	1
id:DB01431	ddi:433	5	0	0	0	0	1
id:DB01436	ddi:66	10	0	0	0	0	1
id:DB01437	ddi:258	5	0	0	0	0	1
id:DB01438	ddi:266	5	0	0	0	0	1
id:DB01452	ddi:318	5	0	0	0	0	1
id:DB01459	ddi:202	5	0	0	0	0	1
id:DB01463	ddi:256	5	0	0	0	0	1
id:DB01466	ddi:436	10	0	0	0	0	1
id:DB01482	ddi:197	5	0	0	0	0	1
id:DB01489	ddi:278	5	0	0	0	0	1
id:DB01495	ddi:258	5	0	0	0	0	1
id:DB01501	ddi:256	5	0	0	0	0	1
id:DB01529	ddi:317	5	0	0	0	0	1
id:DB01534	ddi:260	5	0	0	0	0	1
id:DB01544	ddi:445	5	0	0	0	0	1
id:DB01545	ddi:278	5	0	0	0	0	1
id:DB01551	ddi:418	20	0	0	0	0	1
id:DB01553	ddi:278	5	0	0	0	0	1
id:DB01559	ddi:340	5	0	0	0	0	1
id:DB01567	ddi:278	5	0	0	0	0	1
id:DB01575	ddi:25	5	0	0	0	0	1
id:DB01576	ddi:416	5	0	0	0	0	1
id:DB01581	ddi:35	20	0	0	0	0	1
id:DB01582	ddi:33	15	0	0	0	0	1
id:DB01586	ddi:99	5	0	0	0	0	1
id:DB01588	ddi:307	5	0	0	0	0	1
id:DB01589	ddi:398	5	0	0	0	0	1
id:DB01592	ddi:81	25	0	0	0	0	1
id:DB01593	ddi:43	5	0	0	0	0	1
id:DB01594	ddi:280	5	0	0	0	0	1
id:DB01595	ddi:352	5	0	0	0	0	1
id:DB01597	ddi:47	5	0	0	0	0	1
id:DB01598	ddi:73	5	0	0	0	0	1
id:DB01599	ddi:144	5	0	0	0	0	1
id:DB01602	ddi:77	10	0	0	0	0	1
id:DB01603	ddi:77	10	0	0	0	0	1
id:DB01604	ddi:77	10	0	0	0	0	1
id:DB01605	ddi:77	10	0	0	0	0	1
id:DB01606	ddi:120	5	0	0	0	0	1
id:DB01607	ddi:76	10	0	0	0	0	1
id:DB01609	ddi:271	5	0	0	0	0	1
id:DB01610	ddi:281	5	0	0	0	0	1
id:DB01611	ddi:437	5	0	0	0	0	1
id:DB01612	ddi:116	5	0	0	0	0	1
id:DB01613	ddi:23	10	0	0	0	0	1
id:DB01616	ddi:257	10	0	0	0	0	1
id:DB01618	ddi:289	5	0	0	0	0	1
id:DB01619	ddi:12	5	0	0	0	0	1
id:DB01620	ddi:153	10	0	0	0	0	1
id:DB01621	ddi:437	5	0	0	0	0	1
id:DB01625	ddi:364	10	0	0	0	0	1
id:DB01627	ddi:86	5	0	0	0	0	1
id:DB01638	ddi:374	20	0	0	0	0	1
id:DB01698	ddi:9	10	0	0	0	0	1
id:DB01708	ddi:13	15	0	0	0	0	1
id:DB01783	ddi:21	10	0	0	0	0	1
id:DB02300	ddi:11	10	0	0	0	0	1
id:DB02546	ddi:289	5	0	0	0	0	1
id:DB02638	ddi:146	5	0	0	0	0	1
id:DB02640	ddi:8	5	0	0	0	0	1
id:DB02659	ddi:202	5	0	0	0	0	1
id:DB02703	ddi:408	20	0	0	0	0	1
id:DB02901	ddi:70	10	0	0	0	0	1
id:DB02925	ddi:341	10	0	0	0	0	1
id:DB02959	ddi:255	5	0	0	0	0	1
id:DB03128	ddi:60	5	0	0	0	0	1
id:DB03604	ddi:148	10	0	0	0	0	1
id:DB03615	ddi:311	5	0	0	0	0	1
id:DB03619	ddi:89	5	0	0	0	0	1
id:DB03754	ddi:1	10	0	0	0	0	1
id:DB03783	ddi:275	15	0	0	0	0	1
id:DB03793	ddi:60	10	0	0	0	0	1
id:DB04145	ddi:1	10	0	0	0	0	1
id:DB04165	ddi:315	5	0	0	0	0	1
id:DB04209	ddi:1	15	0	0	0	0	1
id:DB04272	ddi:22	5	0	0	0	0	1
id:DB04339	ddi:12	5	0	0	0	0	1
id:DB04570	ddi:255	5	0	0	0	0	1
id:DB04571	ddi:10	10	0	0	0	0	1
id:DB04572	ddi:341	5	0	0	0	0	1
id:DB04573	ddi:51	10	0	0	0	0	1
id:DB04576	ddi:285	5	0	0	0	0	1
id:DB04599	ddi:256	5	0	0	0	0	1
id:DB04630	ddi:310	5	0	0	0	0	1
id:DB04794	ddi:105	10	0	0	0	0	1
id:DB04816	ddi:140	15	0	0	0	0	1
id:DB04819	ddi:270	5	0	0	0	0	1
id:DB04821	ddi:256	5	0	0	0	0	1
id:DB04823	ddi:140	5	0	0	0	0	1
id:DB04824	ddi:138	5	0	0	0	0	1
id:DB04825	ddi:326	10	0	0	0	0	1
id:DB04826	ddi:3	15	0	0	0	0	1
id:DB04830	ddi:196	5	0	0	0	0	1
id:DB04833	ddi:291	10	0	0	0	0	1
id:DB04835	ddi:29	5	0	0	0	0	1
id:DB04837	ddi:8	5	0	0	0	0	1
id:DB04838	ddi:223	5	0	0	0	0	1
id:DB04839	ddi:319	10	0	0	0	0	1
id:DB04840	ddi:259	5	0	0	0	0	1
id:DB04843	ddi:364	5	0	0	0	0	1
id:DB04844	ddi:292	5	0	0	0	0	1
id:DB04845	ddi:324	5	0	0	0	0	1
id:DB04849	ddi:9	5	0	0	0	0	1
id:DB04854	ddi:88	5	0	0	0	0	1
id:DB04865	ddi:16	5	0	0	0	0	1
id:DB04876	ddi:203	10	0	0	0	0	1
id:DB04878	ddi:184	5	0	0	0	0	1
id:DB04880	ddi:5	5	0	0	0	0	1
id:DB04885	ddi:257	5	0	0	0	0	1
id:DB04894	ddi:67	5	0	0	0	0	1
id:DB04898	ddi:268	5	0	0	0	0	1
id:DB04911	ddi:186	5	0	0	0	0	1
id:DB04930	ddi:247	10	0	0	0	0	1
id:DB04938	ddi:185	5	0	0	0	0	1
id:DB04951	ddi:183	5	0	0	0	0	1
id:DB04977	ddi:24	5	0	0	0	0	1
id:DB04996	ddi:2	5	0	0	0	0	1
id:DB05015	ddi:261	5	0	0	0	0	1
id:DB05016	ddi:69	5	0	0	0	0	1
id:DB05018	ddi:262	5	0	0	0	0	1
id:DB05168	ddi:17	5	0	0	0	0	1
id:DB05229	ddi:254	5	0	0	0	0	1
id:DB05239	ddi:253	5	0	0	0	0	1
id:DB05245	ddi:1	15	0	0	0	0	1
id:DB05266	ddi:193	5	0	0	0	0	1
id:DB05294	ddi:353	5	0	0	0	0	1
id:DB05316	ddi:215	5	0	0	0	0	1
id:DB05351	ddi:108	5	0	0	0	0	1
id:DB05381	ddi:35	10	0	0	0	0	1
id:DB05521	ddi:351	5	0	0	0	0	1
id:DB05528	ddi:14	5	0	0	0	0	1
id:DB05812	ddi:364	5	0	0	0	0	1
id:DB05990	ddi:123	5	0	0	0	0	1
id:DB06144	ddi:395	5	0	0	0	0	1
id:DB06145	ddi:14	10	0	0	0	0	1
id:DB06147	ddi:1	15	0	0	0	0	1
id:DB06150	ddi:33	10	0	0	0	0	1
id:DB06151	ddi:40	15	0	0	0	0	1
id:DB06152	ddi:387	10	0	0	0	0	1
id:DB06154	ddi:269	10	0	0	0	0	1
id:DB06155	ddi:334	5	0	0	0	0	1
id:DB06160	ddi:318	5	0	0	0	0	1
id:DB06174	ddi:118	5	0	0	0	0	1
id:DB06176	ddi:370	5	0	0	0	0	1
id:DB06196	ddi:268	5	0	0	0	0	1
id:DB06200	ddi:165	5	0	0	0	0	1
id:DB06201	ddi:374	5	0	0	0	0	1
id:DB06202	ddi:1	5	0	0	0	0	1
id:DB06204	ddi:326	5	0	0	0	0	1
id:DB06206	ddi:29	5	0	0	0	0	1
id:DB06207	ddi:244	5	0	0	0	0	1
id:DB06210	ddi:279	5	0	0	0	0	1
id:DB06211	ddi:278	5	0	0	0	0	1
id:DB06213	ddi:17	5	0	0	0	0	1
id:DB06217	ddi:239	5	0	0	0	0	1
id:DB06230	ddi:272	5	0	0	0	0	1
id:DB06233	ddi:108	5	0	0	0	0	1
id:DB06234	ddi:133	5	0	0	0	0	1
id:DB06237	ddi:305	5	0	0	0	0	1
id:DB06261	ddi:2	5	0	0	0	0	1
id:DB06264	ddi:260	10	0	0	0	0	1
id:DB06266	ddi:156	5	0	0	0	0	1
id:DB06267	ddi:202	5	0	0	0	0	1
id:DB06268	ddi:317	5	0	0	0	0	1
id:DB06274	ddi:22	5	0	0	0	0	1
id:DB06283	ddi:412	5	0	0	0	0	1
id:DB06288	ddi:418	5	0	0	0	0	1
id:DB06290	ddi:427	10	0	0	0	0	1
id:DB06358	ddi:3	5	0	0	0	0	1
id:DB06401	ddi:18	10	0	0	0	0	1
id:DB06402	ddi:385	5	0	0	0	0	1
id:DB06403	ddi:349	10	0	0	0	0	1
id:DB06410	ddi:66	5	0	0	0	0	1
id:DB06412	ddi:62	5	0	0	0	0	1
id:DB06413	ddi:235	5	0	0	0	0	1
id:DB06414	ddi:217	5	0	0	0	0	1
id:DB06441	ddi:189	5	0	0	0	0	1
id:DB06470	ddi:389	10	0	0	0	0	1
id:DB06479	ddi:197	5	0	0	0	0	1
id:DB06535	ddi:8	5	0	0	0	0	1
id:DB06590	ddi:254	5	0	0	0	0	1
id:DB06594	ddi:385	5	0	0	0	0	1
id:DB06595	ddi:343	5	0	0	0	0	1
id:DB06600	ddi:318	5	0	0	0	0	1
id:DB06603	ddi:416	5	0	0	0	0	1
id:DB06608	ddi:138	5	0	0	0	0	1
id:DB06616	ddi:358	5	0	0	0	0	1
id:DB06623	ddi:247	5	0	0	0	0	1
id:DB06626	ddi:356	5	0	0	0	0	1
id:DB06637	ddi:289	5	0	0	0	0	1
id:DB06663	ddi:234	5	0	0	0	0	1
id:DB06685	ddi:29	5	0	0	0	0	1
id:DB06690	ddi:389	10	0	0	0	0	1
id:DB06691	ddi:428	10	0	0	0	0	1
id:DB06694	ddi:305	20	0	0	0	0	1
id:DB06696	ddi:311	5	0	0	0	0	1
id:DB06697	ddi:328	10	0	0	0	0	1
id:DB06698	ddi:72	5	0	0	0	0	1
id:DB06699	ddi:144	5	0	0	0	0	1
id:DB06704	ddi:39	15	0	0	0	0	1
id:DB06705	ddi:247	5	0	0	0	0	1
id:DB06706	ddi:196	5	0	0	0	0	1
id:DB06708	ddi:225	5	0	0	0	0	1
id:DB06709	ddi:144	5	0	0	0	0	1
id:DB06710	ddi:385	15	0	0	0	0	1
id:DB06711	ddi:302	20	0	0	0	0	1
id:DB06713	ddi:174	5	0	0	0	0	1
id:DB06715	ddi:152	15	0	0	0	0	1
id:DB06718	ddi:53	5	0	0	0	0	1
id:DB06719	ddi:171	5	0	0	0	0	1
id:DB06723	ddi:158	15	0	0	0	0	1
id:DB06724	ddi:175	15	0	0	0	0	1
id:DB06727	ddi:141	5	0	0	0	0	1
id:DB06729	ddi:152	15	0	0	0	0	1
id:DB06730	ddi:252	10	0	0	0	0	1
id:DB06739	ddi:244	5	0	0	0	0	1
id:DB06742	ddi:29	10	0	0	0	0	1
id:DB06751	ddi:2	5	0	0	0	0	1
id:DB06753	ddi:258	5	0	0	0	0	1
id:DB06755	ddi:1	10	0	0	0	0	1
id:DB06756	ddi:104	10	0	0	0	0	1
id:DB06762	ddi:193	10	0	0	0	0	1
id:DB06764	ddi:205	20	0	0	0	0	1
id:DB06766	ddi:2	5	0	0	0	0	1
id:DB06767	ddi:296	10	0	0	0	0	1
id:DB06769	ddi:285	5	0	0	0	0	1
id:DB06771	ddi:3	5	0	0	0	0	1
id:DB06772	ddi:375	5	0	0	0	0	1
id:DB06774	ddi:258	10	0	0	0	0	1
id:DB06777	ddi:105	5	0	0	0	0	1
id:DB06781	ddi:39	5	0	0	0	0	1
id:DB06782	ddi:255	5	0	0	0	0	1
id:DB06783	ddi:79	5	0	0	0	0	1
id:DB06786	ddi:38	5	0	0	0	0	1
id:DB06787	ddi:364	5	0	0	0	0	1
id:DB06788	ddi:171	5	0	0	0	0	1
id:DB06791	ddi:123	5	0	0	0	0	1
id:DB06792	ddi:58	5	0	0	0	0	1
id:DB06795	ddi:3	10	0	0	0	0	1
id:DB06796	ddi:247	5	0	0	0	0	1
id:DB06797	ddi:257	5	0	0	0	0	1
id:DB06799	ddi:42	5	0	0	0	0	1
id:DB06800	ddi:270	5	0	0	0	0	1
id:DB06802	ddi:10	5	0	0	0	0	1
id:DB06803	ddi:137	5	0	0	0	0	1
id:DB06809	ddi:247	5	0	0	0	0	1
id:DB06811	ddi:1	5	0	0	0	0	1
id:DB06813	ddi:381	5	0	0	0	0	1
id:DB06815	ddi:247	5	0	0	0	0	1
id:DB06817	ddi:115	10	0	0	0	0	1
id:DB06819	ddi:81	5	0	0	0	0	1
id:DB06821	ddi:35	10	0	0	0	0	1
id:DB06823	ddi:247	5	0	0	0	0	1
id:DB06824	ddi:280	5	0	0	0	0	1
id:DB06825	ddi:171	5	0	0	0	0	1
id:DB06826	ddi:65	5	0	0	0	0	1
id:DB07118	ddi:8	5	0	0	0	0	1
id:DB07477	ddi:8	5	0	0	0	0	1
id:DB07637	ddi:113	5	0	0	0	0	1
id:DB08162	ddi:161	5	0	0	0	0	1
id:DB08329	ddi:315	5	0	0	0	0	1
id:DB08621	ddi:1	10	0	0	0	0	1
id:DB08795	ddi:77	5	0	0	0	0	1
id:DB08798	ddi:78	10	0	0	0	0	1
id:DB08799	ddi:157	10	0	0	0	0	1
id:DB08800	ddi:12	15	0	0	0	0	1
id:DB08801	ddi:365	10	0	0	0	0	1
id:DB08802	ddi:12	10	0	0	0	0	1
id:DB08803	ddi:1	5	0	0	0	0	1
id:DB08806	ddi:47	5	0	0	0	0	1
id:DB08807	ddi:334	10	0	0	0	0	1
id:DB08810	ddi:378	5	0	0	0	0	1
id:DB08811	ddi:266	5	0	0	0	0	1
id:DB08814	ddi:189	5	0	0	0	0	1
id:DB08819	ddi:2	5	0	0	0	0	1
id:DB08820	ddi:187	15	0	0	0	0	1
id:DB08822	ddi:194	10	0	0	0	0	1
id:DB08824	ddi:259	5	0	0	0	0	1
id:DB08826	ddi:279	5	0	0	0	0	1
id:DB08827	ddi:228	5	0	0	0	0	1
id:DB08828	ddi:154	5	0	0	0	0	1
id:DB08836	ddi:254	5	0	0	0	0	1
id:DB08840	ddi:262	5	0	0	0	0	1
id:DB08860	ddi:261	5	0	0	0	0	1
id:DB08864	ddi:394	20	0	0	0	0	1
id:DB08867	ddi:195	10	0	0	0	0	1
id:DB08868	ddi:154	5	0	0	0	0	1
id:DB08869	ddi:1	5	0	0	0	0	1
id:DB08871	ddi:262	5	0	0	0	0	1
id:DB08873	ddi:298	5	0	0	0	0	1
id:DB08874	ddi:1	5	0	0	0	0	1
id:DB08875	ddi:146	5	0	0	0	0	1
id:DB08880	ddi:276	5	0	0	0	0	1
id:DB08884	ddi:62	5	0	0	0	0	1
id:DB08889	ddi:215	5	0	0	0	0	1
id:DB08890	ddi:140	5	0	0	0	0	1
id:DB08895	ddi:234	5	0	0	0	0	1
id:DB08896	ddi:322	5	0	0	0	0	1
id:DB08903	ddi:168	5	0	0	0	0	1
id:DB08905	ddi:344	5	0	0	0	0	1
id:DB08908	ddi:94	5	0	0	0	0	1
id:DB08909	ddi:397	5	0	0	0	0	1
id:DB08911	ddi:289	5	0	0	0	0	1
id:DB08916	ddi:158	5	0	0	0	0	1
id:DB08925	ddi:180	5	0	0	0	0	1
id:DB08930	ddi:213	25	0	0	0	0	1
id:DB08931	ddi:380	5	0	0	0	0	1
id:DB08933	ddi:32	5	0	0	0	0	1
id:DB08934	ddi:359	20	0	0	0	0	1
id:DB08936	ddi:155	5	0	0	0	0	1
id:DB08938	ddi:170	10	0	0	0	0	1
id:DB08941	ddi:238	5	0	0	0	0	1
id:DB08949	ddi:1	5	0	0	0	0	1
id:DB08950	ddi:179	5	0	0	0	0	1
id:DB08957	ddi:207	10	0	0	0	0	1
id:DB08962	ddi:309	5	0	0	0	0	1
id:DB08967	ddi:9	5	0	0	0	0	1
id:DB08970	ddi:362	15	0	0	0	0	1
id:DB08971	ddi:362	35	0	0	0	0	1
id:DB08972	ddi:318	5	0	0	0	0	1
id:DB08980	ddi:326	5	0	0	0	0	1
id:DB08983	ddi:74	5	0	0	0	0	1
id:DB08985	ddi:205	10	0	0	0	0	1
id:DB08986	ddi:257	5	0	0	0	0	1
id:DB08993	ddi:1	5	0	0	0	0	1
id:DB08994	ddi:188	5	0	0	0	0	1
id:DB08995	ddi:166	10	0	0	0	0	1
id:DB08997	ddi:365	5	0	0	0	0	1
id:DB08999	ddi:74	5	0	0	0	0	1
id:DB09000	ddi:327	5	0	0	0	0	1
id:DB09001	ddi:445	5	0	0	0	0	1
id:DB09007	ddi:366	15	0	0	0	0	1
id:DB09008	ddi:307	5	0	0	0	0	1
id:DB09009	ddi:298	10	0	0	0	0	1
id:DB09011	ddi:315	5	0	0	0	0	1
id:DB09013	ddi:2	5	0	0	0	0	1
id:DB09014	ddi:258	5	0	0	0	0	1
id:DB09015	ddi:281	5	0	0	0	0	1
id:DB09017	ddi:309	5	0	0	0	0	1
id:DB09018	ddi:7	5	0	0	0	0	1
id:DB09020	ddi:163	15	0	0	0	0	1
id:DB09021	ddi:257	5	0	0	0	0	1
id:DB09022	ddi:184	5	0	0	0	0	1
id:DB09026	ddi:217	25	0	0	0	0	1
id:DB09027	ddi:391	5	0	0	0	0	1
id:DB09030	ddi:378	5	0	0	0	0	1
id:DB09038	ddi:276	15	0	0	0	0	1
id:DB09039	ddi:329	5	0	0	0	0	1
id:DB09049	ddi:253	5	0	0	0	0	1
id:DB09053	ddi:323	5	0	0	0	0	1
id:DB09054	ddi:320	5	0	0	0	0	1
id:DB09055	ddi:59	5	0	0	0	0	1
id:DB09059	ddi:13	5	0	0	0	0	1
id:DB09062	ddi:255	5	0	0	0	0	1
id:DB09063	ddi:416	5	0	0	0	0	1
id:DB09064	ddi:74	5	0	0	0	0	1
id:DB09065	ddi:370	30	0	0	0	0	1
id:DB09070	ddi:47	5	0	0	0	0	1
id:DB09072	ddi:261	10	0	0	0	0	1
id:DB09073	ddi:364	5	0	0	0	0	1
id:DB09074	ddi:318	5	0	0	0	0	1
id:DB09078	ddi:336	5	0	0	0	0	1
id:DB09079	ddi:253	5	0	0	0	0	1
id:DB09081	ddi:246	5	0	0	0	0	1
id:DB09083	ddi:182	15	0	0	0	0	1
id:DB09085	ddi:274	25	0	0	0	0	1
id:DB09090	ddi:326	5	0	0	0	0	1
id:DB09092	ddi:1	5	0	0	0	0	1
id:DB09093	ddi:2	25	0	0	0	0	1
id:DB09096	ddi:1	10	0	0	0	0	1
id:DB09097	ddi:39	5	0	0	0	0	1
id:DB09099	ddi:69	5	0	0	0	0	1
id:DB09101	ddi:300	15	0	0	0	0	1
id:DB09102	ddi:199	10	0	0	0	0	1
id:DB09112	ddi:91	5	0	0	0	0	1
id:DB09116	ddi:2	5	0	0	0	0	1
id:DB09117	ddi:318	5	0	0	0	0	1
id:DB09121	ddi:247	5	0	0	0	0	1
id:DB09124	ddi:59	10	0	0	0	0	1
id:DB09132	ddi:247	5	0	0	0	0	1
id:DB09133	ddi:247	5	0	0	0	0	1
id:DB09134	ddi:247	5	0	0	0	0	1
id:DB09135	ddi:247	5	0	0	0	0	1
id:DB09137	ddi:306	5	0	0	0	0	1
id:DB09139	ddi:290	5	0	0	0	0	1
id:DB09142	ddi:31	5	0	0	0	0	1
id:DB09143	ddi:144	5	0	0	0	0	1
id:DB09146	ddi:79	10	0	0	0	0	1
id:DB09148	ddi:247	5	0	0	0	0	1
id:DB09149	ddi:247	5	0	0	0	0	1
id:DB09154	ddi:250	5	0	0	0	0	1
id:DB09156	ddi:247	5	0	0	0	0	1
id:DB09161	ddi:96	5	0	0	0	0	1
id:DB09165	ddi:247	5	0	0	0	0	1
id:DB09166	ddi:354	5	0	0	0	0	1
id:DB09183	ddi:267	10	0	0	0	0	1
id:DB09203	ddi:205	15	0	0	0	0	1
id:DB09205	ddi:393	10	0	0	0	0	1
id:DB09206	ddi:177	5	0	0	0	0	1
id:DB09209	ddi:247	5	0	0	0	0	1
id:DB09210	ddi:249	5	0	0	0	0	1
id:DB09219	ddi:369	5	0	0	0	0	1
id:DB09225	ddi:401	5	0	0	0	0	1
id:DB09232	ddi:274	5	0	0	0	0	1
id:DB09242	ddi:224	10	0	0	0	0	1
id:DB09247	ddi:256	5	0	0	0	0	1
id:DB09265	ddi:416	10	0	0	0	0	1
id:DB09267	ddi:43	10	0	0	0	0	1
id:DB09270	ddi:93	5	0	0	0	0	1
id:DB09271	ddi:59	5	0	0	0	0	1
id:DB09272	ddi:313	5	0	0	0	0	1
id:DB09274	ddi:23	25	0	0	0	0	1
id:DB09275	ddi:56	10	0	0	0	0	1
id:DB09276	ddi:295	5	0	0	0	0	1
id:DB09278	ddi:4	10	0	0	0	0	1
id:DB09279	ddi:203	20	0	0	0	0	1
id:DB09280	ddi:337	5	0	0	0	0	1
id:DB09282	ddi:74	5	0	0	0	0	1
id:DB09283	ddi:90	5	0	0	0	0	1
id:DB09284	ddi:1	5	0	0	0	0	1
id:DB09286	ddi:373	5	0	0	0	0	1
id:DB09291	ddi:182	5	0	0	0	0	1
id:DB09292	ddi:366	5	0	0	0	0	1
id:DB09293	ddi:6	10	0	0	0	0	1
id:DB09296	ddi:184	10	0	0	0	0	1
id:DB09297	ddi:243	10	0	0	0	0	1
id:DB09298	ddi:135	5	0	0	0	0	1
id:DB09299	ddi:469	30	0	0	0	0	1
id:DB09300	ddi:363	10	0	0	0	0	1
id:DB09308	ddi:108	5	0	0	0	0	1
id:DB09319	ddi:77	10	0	0	0	0	1
id:DB09320	ddi:305	10	0	0	0	0	1
id:DB09321	ddi:43	5	0	0	0	0	1
id:DB09322	ddi:43	10	0	0	0	0	1
id:DB09324	ddi:243	5	0	0	0	0	1
id:DB09325	ddi:242	15	0	0	0	0	1
id:DB09330	ddi:301	5	0	0	0	0	1
id:DB09338	ddi:292	5	0	0	0	0	1
id:DB09345	ddi:256	10	0	0	0	0	1
id:DB09357	ddi:242	15	0	0	0	0	1
id:DB09371	ddi:192	5	0	0	0	0	1
id:DB09383	ddi:389	5	0	0	0	0	1
id:DB09389	ddi:192	15	0	0	0	0	1
id:DB09395	ddi:245	5	0	0	0	0	1
id:DB09407	ddi:324	10	0	0	0	0	1
id:DB09418	ddi:393	5	0	0	0	0	1
id:DB09421	ddi:70	5	0	0	0	0	1
id:DB09449	ddi:232	15	0	0	0	0	1
id:DB09462	ddi:151	10	0	0	0	0	1
id:DB09472	ddi:376	10	0	0	0	0	1
id:DB09480	ddi:336	5	0	0	0	0	1
id:DB09483	ddi:80	5	0	0	0	0	1
id:DB09484	ddi:149	10	0	0	0	0	1
id:DB09488	ddi:396	5	0	0	0	0	1
id:DB09496	ddi:247	5	0	0	0	0	1
id:DB09501	ddi:79	5	0	0	0	0	1
id:DB09502	ddi:247	5	0	0	0	0	1
id:DB09570	ddi:382	5	0	0	0	0	1
id:DB11068	ddi:1	5	0	0	0	0	1
id:DB11081	ddi:11	5	0	0	0	0	1
id:DB11085	ddi:256	10	0	0	0	0	1
id:DB11091	ddi:15	20	0	0	0	0	1
id:DB11093	ddi:94	10	0	0	0	0	1
id:DB11098	ddi:285	5	0	0	0	0	1
id:DB11110	ddi:227	15	0	0	0	0	1
id:DB11121	ddi:247	5	0	0	0	0	1
id:DB11126	ddi:109	10	0	0	0	0	1
id:DB11127	ddi:241	5	0	0	0	0	1
id:DB11145	ddi:247	20	0	0	0	0	1
id:DB11181	ddi:90	5	0	0	0	0	1
id:DB11235	ddi:365	15	0	0	0	0	1
id:DB11248	ddi:43	10	0	0	0	0	1
id:DB11315	ddi:364	15	0	0	0	0	1
id:DB11342	ddi:11	5	0	0	0	0	1
id:DB11348	ddi:114	10	0	0	0	0	1
id:DB11362	ddi:340	5	0	0	0	0	1
id:DB11363	ddi:192	5	0	0	0	0	1
id:DB11364	ddi:247	5	0	0	0	0	1
id:DB11365	ddi:138	10	0	0	0	0	1
id:DB11366	ddi:8	5	0	0	0	0	1
id:DB11367	ddi:269	5	0	0	0	0	1
id:DB11371	ddi:260	5	0	0	0	0	1
id:DB11387	ddi:14	5	0	0	0	0	1
id:DB11442	ddi:108	10	0	0	0	0	1
id:DB11473	ddi:104	5	0	0	0	0	1
id:DB11490	ddi:22	5	0	0	0	0	1
id:DB11512	ddi:311	5	0	0	0	0	1
id:DB11560	ddi:398	5	0	0	0	0	1
id:DB11573	ddi:8	10	0	0	0	0	1
id:DB11574	ddi:194	10	0	0	0	0	1
id:DB11575	ddi:170	10	0	0	0	0	1
id:DB11576	ddi:60	5	0	0	0	0	1
id:DB11577	ddi:247	5	0	0	0	0	1
id:DB11581	ddi:394	5	0	0	0	0	1
id:DB11582	ddi:260	10	0	0	0	0	1
id:DB11586	ddi:378	10	0	0	0	0	1
id:DB11590	ddi:1	5	0	0	0	0	1
id:DB11591	ddi:156	5	0	0	0	0	1
id:DB11596	ddi:8	10	0	0	0	0	1
id:DB11609	ddi:317	5	0	0	0	0	1
id:DB11613	ddi:232	10	0	0	0	0	1
id:DB11614	ddi:299	5	0	0	0	0	1
id:DB11616	ddi:94	5	0	0	0	0	1
id:DB11619	ddi:192	5	0	0	0	0	1
id:DB11630	ddi:2	5	0	0	0	0	1
id:DB11632	ddi:101	5	0	0	0	0	1
id:DB11636	ddi:174	15	0	0	0	0	1
id:DB11637	ddi:169	5	0	0	0	0	1
id:DB11638	ddi:104	10	0	0	0	0	1
id:DB11640	ddi:188	5	0	0	0	0	1
id:DB11641	ddi:216	5	0	0	0	0	1
id:DB11644	ddi:95	5	0	0	0	0	1
id:DB11660	ddi:2	5	0	0	0	0	1
id:DB11675	ddi:270	5	0	0	0	0	1
id:DB11691	ddi:271	5	0	0	0	0	1
id:DB11693	ddi:211	5	0	0	0	0	1
id:DB11698	ddi:183	5	0	0	0	0	1
id:DB11703	ddi:215	5	0	0	0	0	1
id:DB11712	ddi:168	5	0	0	0	0	1
id:DB11718	ddi:236	5	0	0	0	0	1
id:DB11730	ddi:417	5	0	0	0	0	1
id:DB11737	ddi:108	5	0	0	0	0	1
id:DB11738	ddi:222	5	0	0	0	0	1
id:DB11739	ddi:42	15	0	0	0	0	1
id:DB11742	ddi:298	5	0	0	0	0	1
id:DB11750	ddi:39	10	0	0	0	0	1
id:DB11753	ddi:399	25	0	0	0	0	1
id:DB11760	ddi:121	5	0	0	0	0	1
id:DB11774	ddi:318	5	0	0	0	0	1
id:DB11783	ddi:202	5	0	0	0	0	1
id:DB11799	ddi:49	5	0	0	0	0	1
id:DB11800	ddi:184	5	0	0	0	0	1
id:DB11828	ddi:215	5	0	0	0	0	1
id:DB11837	ddi:244	5	0	0	0	0	1
id:DB11841	ddi:145	5	0	0	0	0	1
id:DB11842	ddi:2	5	0	0	0	0	1
id:DB11892	ddi:286	5	0	0	0	0	1
id:DB11915	ddi:415	5	0	0	0	0	1
id:DB11921	ddi:352	5	0	0	0	0	1
id:DB11935	ddi:255	5	0	0	0	0	1
id:DB11936	ddi:67	5	0	0	0	0	1
id:DB11942	ddi:53	5	0	0	0	0	1
id:DB11963	ddi:383	5	0	0	0	0	1
id:DB11967	ddi:186	5	0	0	0	0	1
id:DB11978	ddi:320	5	0	0	0	0	1
id:DB11979	ddi:250	5	0	0	0	0	1
id:DB11986	ddi:331	5	0	0	0	0	1
id:DB11989	ddi:247	5	0	0	0	0	1
id:DB11994	ddi:147	5	0	0	0	0	1
id:DB11995	ddi:215	5	0	0	0	0	1
id:DB12001	ddi:252	5	0	0	0	0	1
id:DB12010	ddi:263	5	0	0	0	0	1
id:DB12015	ddi:287	5	0	0	0	0	1
id:DB12020	ddi:17	5	0	0	0	0	1
id:DB12026	ddi:291	5	0	0	0	0	1
id:DB12035	ddi:196	10	0	0	0	0	1
id:DB12070	ddi:315	5	0	0	0	0	1
id:DB12081	ddi:8	5	0	0	0	0	1
id:DB12086	ddi:364	5	0	0	0	0	1
id:DB12107	ddi:246	5	0	0	0	0	1
id:DB12123	ddi:1	5	0	0	0	0	1
id:DB12127	ddi:77	10	0	0	0	0	1
id:DB12130	ddi:173	5	0	0	0	0	1
id:DB12141	ddi:394	5	0	0	0	0	1
id:DB12184	ddi:271	5	0	0	0	0	1
id:DB12216	ddi:10	5	0	0	0	0	1
id:DB12221	ddi:281	5	0	0	0	0	1
id:DB12243	ddi:72	5	0	0	0	0	1
id:DB12245	ddi:400	5	0	0	0	0	1
id:DB12248	ddi:181	10	0	0	0	0	1
id:DB12265	ddi:454	5	0	0	0	0	1
id:DB12267	ddi:251	5	0	0	0	0	1
id:DB12301	ddi:99	10	0	0	0	0	1
id:DB12313	ddi:203	5	0	0	0	0	1
id:DB12319	ddi:126	5	0	0	0	0	1
id:DB12329	ddi:115	10	0	0	0	0	1
id:DB12332	ddi:433	5	0	0	0	0	1
id:DB12338	ddi:315	5	0	0	0	0	1
id:DB12343	ddi:77	10	0	0	0	0	1
id:DB12364	ddi:271	5	0	0	0	0	1
id:DB12399	ddi:203	5	0	0	0	0	1
id:DB12401	ddi:280	5	0	0	0	0	1
id:DB12404	ddi:280	5	0	0	0	0	1
id:DB12412	ddi:203	15	0	0	0	0	1
id:DB12455	ddi:215	10	0	0	0	0	1
id:DB12466	ddi:153	5	0	0	0	0	1
id:DB12474	ddi:271	30	0	0	0	0	1
id:DB12478	ddi:25	5	0	0	0	0	1
id:DB12483	ddi:254	5	0	0	0	0	1
id:DB12487	ddi:29	5	0	0	0	0	1
id:DB12492	ddi:317	5	0	0	0	0	1
id:DB12500	ddi:264	5	0	0	0	0	1
id:DB12523	ddi:156	5	0	0	0	0	1
id:DB12532	ddi:9	5	0	0	0	0	1
id:DB12554	ddi:419	5	0	0	0	0	1
id:DB12604	ddi:311	5	0	0	0	0	1
id:DB12612	ddi:192	5	0	0	0	0	1
id:DB12615	ddi:326	5	0	0	0	0	1
id:DB12625	ddi:203	10	0	0	0	0	1
id:DB12667	ddi:1	5	0	0	0	0	1
id:DB12692	ddi:94	5	0	0	0	0	1
id:DB12708	ddi:1	5	0	0	0	0	1
id:DB12710	ddi:327	5	0	0	0	0	1
id:DB12713	ddi:183	5	0	0	0	0	1
id:DB12770	ddi:47	5	0	0	0	0	1
id:DB12789	ddi:2	5	0	0	0	0	1
id:DB12825	ddi:347	5	0	0	0	0	1
id:DB12829	ddi:1	10	0	0	0	0	1
id:DB12839	ddi:1	5	0	0	0	0	1
id:DB12846	ddi:181	15	0	0	0	0	1
id:DB12867	ddi:283	5	0	0	0	0	1
id:DB12877	ddi:156	5	0	0	0	0	1
id:DB12902	ddi:94	5	0	0	0	0	1
id:DB12923	ddi:326	5	0	0	0	0	1
id:DB12926	ddi:198	5	0	0	0	0	1
id:DB12927	ddi:360	5	0	0	0	0	1
id:DB12941	ddi:191	5	0	0	0	0	1
id:DB12942	ddi:151	5	0	0	0	0	1
id:DB12945	ddi:253	15	0	0	0	0	1
id:DB12951	ddi:256	5	0	0	0	0	1
id:DB12958	ddi:280	5	0	0	0	0	1
id:DB12975	ddi:15	5	0	0	0	0	1
id:DB13003	ddi:376	5	0	0	0	0	1
id:DB13026	ddi:4	30	0	0	0	0	1
id:DB13028	ddi:1	5	0	0	0	0	1
id:DB13064	ddi:201	5	0	0	0	0	1
id:DB13074	ddi:231	5	0	0	0	0	1
id:DB13092	ddi:1	5	0	0	0	0	1
id:DB13099	ddi:258	5	0	0	0	0	1
id:DB13124	ddi:188	10	0	0	0	0	1
id:DB13125	ddi:117	5	0	0	0	0	1
id:DB13132	ddi:58	5	0	0	0	0	1
id:DB13142	ddi:60	5	0	0	0	0	1
id:DB13143	ddi:47	10	0	0	0	0	1
id:DB13156	ddi:247	5	0	0	0	0	1
id:DB13158	ddi:39	15	0	0	0	0	1
id:DB13166	ddi:200	10	0	0	0	0	1
id:DB13169	ddi:54	10	0	0	0	0	1
id:DB13170	ddi:140	5	0	0	0	0	1
id:DB13178	ddi:240	5	0	0	0	0	1
id:DB13179	ddi:309	5	0	0	0	0	1
id:DB13185	ddi:247	5	0	0	0	0	1
id:DB13191	ddi:247	5	0	0	0	0	1
id:DB13203	ddi:198	5	0	0	0	0	1
id:DB13206	ddi:1	5	0	0	0	0	1
id:DB13208	ddi:385	5	0	0	0	0	1
id:DB13209	ddi:114	5	0	0	0	0	1
id:DB13211	ddi:164	5	0	0	0	0	1
id:DB13213	ddi:324	5	0	0	0	0	1
id:DB13214	ddi:33	5	0	0	0	0	1
id:DB13219	ddi:256	5	0	0	0	0	1
id:DB13221	ddi:258	5	0	0	0	0	1
id:DB13223	ddi:258	5	0	0	0	0	1
id:DB13228	ddi:1	5	0	0	0	0	1
id:DB13229	ddi:14	5	0	0	0	0	1
id:DB13230	ddi:29	10	0	0	0	0	1
id:DB13231	ddi:72	5	0	0	0	0	1
id:DB13233	ddi:349	5	0	0	0	0	1
id:DB13234	ddi:260	5	0	0	0	0	1
id:DB13238	ddi:1	10	0	0	0	0	1
id:DB13240	ddi:152	5	0	0	0	0	1
id:DB13244	ddi:14	5	0	0	0	0	1
id:DB13248	ddi:33	10	0	0	0	0	1
id:DB13249	ddi:195	5	0	0	0	0	1
id:DB13251	ddi:182	5	0	0	0	0	1
id:DB13252	ddi:365	5	0	0	0	0	1
id:DB13253	ddi:258	5	0	0	0	0	1
id:DB13254	ddi:364	5	0	0	0	0	1
id:DB13255	ddi:23	10	0	0	0	0	1
id:DB13256	ddi:280	5	0	0	0	0	1
id:DB13259	ddi:1	5	0	0	0	0	1
id:DB13261	ddi:318	5	0	0	0	0	1
id:DB13264	ddi:154	5	0	0	0	0	1
id:DB13265	ddi:1	5	0	0	0	0	1
id:DB13266	ddi:255	5	0	0	0	0	1
id:DB13269	ddi:247	5	0	0	0	0	1
id:DB13273	ddi:412	5	0	0	0	0	1
id:DB13277	ddi:3	10	0	0	0	0	1
id:DB13279	ddi:9	5	0	0	0	0	1
id:DB13280	ddi:147	5	0	0	0	0	1
id:DB13283	ddi:33	5	0	0	0	0	1
id:DB13284	ddi:258	10	0	0	0	0	1
id:DB13292	ddi:3	5	0	0	0	0	1
id:DB13294	ddi:1	5	0	0	0	0	1
id:DB13300	ddi:77	5	0	0	0	0	1
id:DB13303	ddi:260	5	0	0	0	0	1
id:DB13307	ddi:121	10	0	0	0	0	1
id:DB13310	ddi:167	5	0	0	0	0	1
id:DB13312	ddi:200	15	0	0	0	0	1
id:DB13313	ddi:8	10	0	0	0	0	1
id:DB13316	ddi:2	10	0	0	0	0	1
id:DB13319	ddi:4	10	0	0	0	0	1
id:DB13320	ddi:33	5	0	0	0	0	1
id:DB13322	ddi:171	5	0	0	0	0	1
id:DB13323	ddi:377	5	0	0	0	0	1
id:DB13324	ddi:260	5	0	0	0	0	1
id:DB13327	ddi:89	5	0	0	0	0	1
id:DB13331	ddi:258	5	0	0	0	0	1
id:DB13335	ddi:278	5	0	0	0	0	1
id:DB13337	ddi:77	10	0	0	0	0	1
id:DB13338	ddi:108	5	0	0	0	0	1
id:DB13340	ddi:1	5	0	0	0	0	1
id:DB13341	ddi:201	5	0	0	0	0	1
id:DB13345	ddi:315	10	0	0	0	0	1
id:DB13346	ddi:10	10	0	0	0	0	1
id:DB13349	ddi:3	5	0	0	0	0	1
id:DB13351	ddi:364	5	0	0	0	0	1
id:DB13352	ddi:256	5	0	0	0	0	1
id:DB13354	ddi:260	15	0	0	0	0	1
id:DB13357	ddi:260	5	0	0	0	0	1
id:DB13358	ddi:196	5	0	0	0	0	1
id:DB13359	ddi:102	5	0	0	0	0	1
id:DB13362	ddi:315	5	0	0	0	0	1
id:DB13364	ddi:8	15	0	0	0	0	1
id:DB13367	ddi:97	5	0	0	0	0	1
id:DB13368	ddi:27	5	0	0	0	0	1
id:DB13369	ddi:364	5	0	0	0	0	1
id:DB13370	ddi:258	5	0	0	0	0	1
id:DB13374	ddi:181	5	0	0	0	0	1
id:DB13377	ddi:258	5	0	0	0	0	1
id:DB13378	ddi:180	5	0	0	0	0	1
id:DB13380	ddi:364	5	0	0	0	0	1
id:DB13381	ddi:79	5	0	0	0	0	1
id:DB13382	ddi:324	5	0	0	0	0	1
id:DB13386	ddi:47	5	0	0	0	0	1
id:DB13393	ddi:59	10	0	0	0	0	1
id:DB13394	ddi:3	10	0	0	0	0	1
id:DB13396	ddi:331	5	0	0	0	0	1
id:DB13398	ddi:181	10	0	0	0	0	1
id:DB13399	ddi:166	5	0	0	0	0	1
id:DB13400	ddi:248	5	0	0	0	0	1
id:DB13401	ddi:277	5	0	0	0	0	1
id:DB13402	ddi:258	5	0	0	0	0	1
id:DB13403	ddi:280	5	0	0	0	0	1
id:DB13405	ddi:258	10	0	0	0	0	1
id:DB13406	ddi:309	5	0	0	0	0	1
id:DB13408	ddi:23	10	0	0	0	0	1
id:DB13409	ddi:108	5	0	0	0	0	1
id:DB13410	ddi:164	5	0	0	0	0	1
id:DB13413	ddi:365	5	0	0	0	0	1
id:DB13414	ddi:260	5	0	0	0	0	1
id:DB13418	ddi:47	5	0	0	0	0	1
id:DB13420	ddi:327	5	0	0	0	0	1
id:DB13422	ddi:1	5	0	0	0	0	1
id:DB13423	ddi:79	5	0	0	0	0	1
id:DB13429	ddi:164	5	0	0	0	0	1
id:DB13430	ddi:460	10	0	0	0	0	1
id:DB13433	ddi:74	5	0	0	0	0	1
id:DB13435	ddi:164	5	0	0	0	0	1
id:DB13437	ddi:322	5	0	0	0	0	1
id:DB13448	ddi:365	5	0	0	0	0	1
id:DB13449	ddi:197	10	0	0	0	0	1
id:DB13452	ddi:164	5	0	0	0	0	1
id:DB13453	ddi:138	5	0	0	0	0	1
id:DB13454	ddi:317	5	0	0	0	0	1
id:DB13455	ddi:317	5	0	0	0	0	1
id:DB13456	ddi:132	5	0	0	0	0	1
id:DB13457	ddi:256	5	0	0	0	0	1
id:DB13460	ddi:74	5	0	0	0	0	1
id:DB13461	ddi:255	5	0	0	0	0	1
id:DB13464	ddi:2	5	0	0	0	0	1
id:DB13466	ddi:12	5	0	0	0	0	1
id:DB13467	ddi:159	5	0	0	0	0	1
id:DB13468	ddi:365	5	0	0	0	0	1
id:DB13470	ddi:254	5	0	0	0	0	1
id:DB13472	ddi:1	5	0	0	0	0	1
id:DB13478	ddi:317	5	0	0	0	0	1
id:DB13479	ddi:3	10	0	0	0	0	1
id:DB13485	ddi:33	5	0	0	0	0	1
id:DB13486	ddi:288	10	0	0	0	0	1
id:DB13488	ddi:326	5	0	0	0	0	1
id:DB13491	ddi:258	5	0	0	0	0	1
id:DB13495	ddi:104	5	0	0	0	0	1
id:DB13499	ddi:255	5	0	0	0	0	1
id:DB13501	ddi:8	10	0	0	0	0	1
id:DB13502	ddi:7	5	0	0	0	0	1
id:DB13504	ddi:255	5	0	0	0	0	1
id:DB13505	ddi:369	15	0	0	0	0	1
id:DB13506	ddi:77	5	0	0	0	0	1
id:DB13507	ddi:364	5	0	0	0	0	1
id:DB13509	ddi:105	10	0	0	0	0	1
id:DB13510	ddi:211	5	0	0	0	0	1
id:DB13511	ddi:7	5	0	0	0	0	1
id:DB13514	ddi:9	5	0	0	0	0	1
id:DB13517	ddi:2	5	0	0	0	0	1
id:DB13522	ddi:257	5	0	0	0	0	1
id:DB13523	ddi:280	5	0	0	0	0	1
id:DB13526	ddi:151	5	0	0	0	0	1
id:DB13528	ddi:192	20	0	0	0	0	1
id:DB13530	ddi:334	5	0	0	0	0	1
id:DB13533	ddi:29	5	0	0	0	0	1
id:DB13534	ddi:259	5	0	0	0	0	1
id:DB13537	ddi:159	5	0	0	0	0	1
id:DB13540	ddi:311	5	0	0	0	0	1
id:DB13541	ddi:257	5	0	0	0	0	1
id:DB13542	ddi:364	15	0	0	0	0	1
id:DB13545	ddi:1	5	0	0	0	0	1
id:DB13546	ddi:164	5	0	0	0	0	1
id:DB13547	ddi:33	5	0	0	0	0	1
id:DB13550	ddi:269	5	0	0	0	0	1
id:DB13551	ddi:1	5	0	0	0	0	1
id:DB13552	ddi:283	5	0	0	0	0	1
id:DB13554	ddi:280	5	0	0	0	0	1
id:DB13555	ddi:165	5	0	0	0	0	1
id:DB13556	ddi:33	5	0	0	0	0	1
id:DB13557	ddi:280	5	0	0	0	0	1
id:DB13559	ddi:180	5	0	0	0	0	1
id:DB13563	ddi:176	5	0	0	0	0	1
id:DB13566	ddi:3	5	0	0	0	0	1
id:DB13569	ddi:38	5	0	0	0	0	1
id:DB13572	ddi:257	5	0	0	0	0	1
id:DB13573	ddi:197	5	0	0	0	0	1
id:DB13575	ddi:164	15	0	0	0	0	1
id:DB13577	ddi:258	5	0	0	0	0	1
id:DB13580	ddi:33	5	0	0	0	0	1
id:DB13581	ddi:364	5	0	0	0	0	1
id:DB13583	ddi:1	5	0	0	0	0	1
id:DB13584	ddi:438	5	0	0	0	0	1
id:DB13587	ddi:49	5	0	0	0	0	1
id:DB13588	ddi:258	5	0	0	0	0	1
id:DB13590	ddi:90	5	0	0	0	0	1
id:DB13592	ddi:197	10	0	0	0	0	1
id:DB13595	ddi:370	5	0	0	0	0	1
id:DB13598	ddi:389	5	0	0	0	0	1
id:DB13601	ddi:256	5	0	0	0	0	1
id:DB13602	ddi:57	5	0	0	0	0	1
id:DB13604	ddi:164	5	0	0	0	0	1
id:DB13605	ddi:321	5	0	0	0	0	1
id:DB13606	ddi:317	5	0	0	0	0	1
id:DB13609	ddi:46	5	0	0	0	0	1
id:DB13614	ddi:1	5	0	0	0	0	1
id:DB13615	ddi:13	5	0	0	0	0	1
id:DB13616	ddi:188	5	0	0	0	0	1
id:DB13617	ddi:258	10	0	0	0	0	1
id:DB13619	ddi:365	5	0	0	0	0	1
id:DB13620	ddi:45	5	0	0	0	0	1
id:DB13622	ddi:1	5	0	0	0	0	1
id:DB13623	ddi:257	5	0	0	0	0	1
id:DB13624	ddi:336	5	0	0	0	0	1
id:DB13626	ddi:147	5	0	0	0	0	1
id:DB13627	ddi:285	5	0	0	0	0	1
id:DB13631	ddi:164	10	0	0	0	0	1
id:DB13634	ddi:197	5	0	0	0	0	1
id:DB13635	ddi:46	5	0	0	0	0	1
id:DB13636	ddi:365	5	0	0	0	0	1
id:DB13637	ddi:23	5	0	0	0	0	1
id:DB13638	ddi:255	5	0	0	0	0	1
id:DB13642	ddi:260	5	0	0	0	0	1
id:DB13643	ddi:280	5	0	0	0	0	1
id:DB13644	ddi:113	5	0	0	0	0	1
id:DB13645	ddi:46	5	0	0	0	0	1
id:DB13648	ddi:428	5	0	0	0	0	1
id:DB13650	ddi:124	5	0	0	0	0	1
id:DB13651	ddi:165	5	0	0	0	0	1
id:DB13652	ddi:165	5	0	0	0	0	1
id:DB13653	ddi:164	5	0	0	0	0	1
id:DB13654	ddi:11	5	0	0	0	0	1
id:DB13660	ddi:77	5	0	0	0	0	1
id:DB13662	ddi:258	5	0	0	0	0	1
id:DB13663	ddi:258	10	0	0	0	0	1
id:DB13664	ddi:39	5	0	0	0	0	1
id:DB13665	ddi:281	5	0	0	0	0	1
id:DB13666	ddi:364	10	0	0	0	0	1
id:DB13667	ddi:255	5	0	0	0	0	1
id:DB13668	ddi:104	5	0	0	0	0	1
id:DB13675	ddi:309	5	0	0	0	0	1
id:DB13676	ddi:280	5	0	0	0	0	1
id:DB13678	ddi:364	5	0	0	0	0	1
id:DB13679	ddi:258	10	0	0	0	0	1
id:DB13681	ddi:1	5	0	0	0	0	1
id:DB13682	ddi:255	5	0	0	0	0	1
id:DB13685	ddi:192	10	0	0	0	0	1
id:DB13686	ddi:77	5	0	0	0	0	1
id:DB13687	ddi:258	5	0	0	0	0	1
id:DB13689	ddi:11	5	0	0	0	0	1
id:DB13690	ddi:260	5	0	0	0	0	1
id:DB13691	ddi:377	10	0	0	0	0	1
id:DB13692	ddi:205	10	0	0	0	0	1
id:DB13693	ddi:77	5	0	0	0	0	1
id:DB13694	ddi:104	5	0	0	0	0	1
id:DB13695	ddi:364	5	0	0	0	0	1
id:DB13699	ddi:33	5	0	0	0	0	1
id:DB13703	ddi:336	5	0	0	0	0	1
id:DB13705	ddi:1	5	0	0	0	0	1
id:DB13707	ddi:151	5	0	0	0	0	1
id:DB13708	ddi:258	5	0	0	0	0	1
id:DB13710	ddi:21	5	0	0	0	0	1
id:DB13711	ddi:12	5	0	0	0	0	1
id:DB13713	ddi:12	5	0	0	0	0	1
id:DB13715	ddi:1	5	0	0	0	0	1
id:DB13718	ddi:46	5	0	0	0	0	1
id:DB13719	ddi:23	10	0	0	0	0	1
id:DB13720	ddi:364	10	0	0	0	0	1
id:DB13725	ddi:326	5	0	0	0	0	1
id:DB13726	ddi:33	5	0	0	0	0	1
id:DB13728	ddi:38	5	0	0	0	0	1
id:DB13729	ddi:14	5	0	0	0	0	1
id:DB13733	ddi:258	10	0	0	0	0	1
id:DB13736	ddi:1	5	0	0	0	0	1
id:DB13737	ddi:258	5	0	0	0	0	1
id:DB13738	ddi:364	10	0	0	0	0	1
id:DB13739	ddi:77	5	0	0	0	0	1
id:DB13743	ddi:1	5	0	0	0	0	1
id:DB13744	ddi:144	5	0	0	0	0	1
id:DB13745	ddi:260	5	0	0	0	0	1
id:DB13749	ddi:101	5	0	0	0	0	1
id:DB13751	ddi:40	5	0	0	0	0	1
id:DB13753	ddi:1	5	0	0	0	0	1
id:DB13754	ddi:261	5	0	0	0	0	1
id:DB13756	ddi:121	5	0	0	0	0	1
id:DB13759	ddi:364	5	0	0	0	0	1
id:DB13760	ddi:47	5	0	0	0	0	1
id:DB13762	ddi:91	5	0	0	0	0	1
id:DB13766	ddi:326	5	0	0	0	0	1
id:DB13769	ddi:364	5	0	0	0	0	1
id:DB13770	ddi:258	5	0	0	0	0	1
