id:DB00006	ddi:196	5	1	1	1	2	1
id:DB00007	ddi:451	10	0	0	1	2	1
id:DB00014	ddi:406	5	0	0	2	4	1
id:DB00035	ddi:375	5	0	2	3	6	1
id:DB00067	ddi:23	0	0	0	4	8	1
id:DB00080	ddi:396	5	0	0	0	0	1
id:DB00104	ddi:273	5	0	2	0	0	1
id:DB00115	ddi:280	15	0	3	6	12	1
id:DB00116	ddi:10	0	30	0	12	24	1
id:DB00118	ddi:7	5	30	2	8	16	1
id:DB00120	ddi:131	0	4	0	7	14	1
id:DB00122	ddi:46	0	30	5	8	16	1
id:DB00126	ddi:23	20	17	1	1	2	1
id:DB00127	ddi:18	0	1	3	2	4	1
id:DB00130	ddi:1	5	30	19	3	6	1
id:DB00132	ddi:1	0	1	0	11	22	1
id:DB00134	ddi:1	5	30	11	5	10	1
id:DB00135	ddi:1	0	16	0	4	8	1
id:DB00136	ddi:169	10	0	2	2	4	1
id:DB00139	ddi:57	0	30	10	2	4	1
id:DB00140	ddi:33	10	1	2	3	6	1
id:DB00142	ddi:7	5	30	0	62	124	1
id:DB00145	ddi:3	5	30	4	25	50	1
id:DB00146	ddi:52	5	0	2	1	2	1
id:DB00150	ddi:222	5	1	8	3	6	1
id:DB00152	ddi:28	5	1	4	1	2	1
id:DB00153	ddi:45	5	0	6	2	4	1
id:DB00155	ddi:83	0	22	0	13	26	1
id:DB00158	ddi:312	25	4	3	3	6	1
id:DB00162	ddi:33	25	2	1	15	30	1
id:DB00163	ddi:150	0	0	9	10	20	1
id:DB00165	ddi:233	10	2	4	1	2	1
id:DB00166	ddi:37	5	0	1	3	6	1
id:DB00168	ddi:55	0	0	0	3	6	1
id:DB00169	ddi:140	45	23	7	1	2	1
id:DB00170	ddi:15	5	0	16	10	20	1
id:DB00173	ddi:45	0	17	1	9	18	1
id:DB00175	ddi:308	15	1	0	2	4	1
id:DB00177	ddi:350	45	1	1	1	2	1
id:DB00178	ddi:192	40	2	1	2	4	1
id:DB00180	ddi:345	10	0	1	1	2	1
id:DB00183	ddi:1	5	0	1	1	2	1
id:DB00184	ddi:262	5	2	13	13	26	1
id:DB00185	ddi:396	5	0	3	2	4	1
id:DB00189	ddi:212	5	0	0	1	2	1
id:DB00191	ddi:355	5	0	1	6	12	1
id:DB00194	ddi:1	10	0	1	3	6	1
id:DB00197	ddi:446	5	0	19	9	18	1
id:DB00198	ddi:281	5	0	1	3	6	1
id:DB00200	ddi:241	15	0	0	7	14	1
id:DB00201	ddi:254	15	1	8	14	28	1
id:DB00203	ddi:475	10	0	7	3	6	1
id:DB00204	ddi:327	5	0	1	3	6	1
id:DB00205	ddi:75	15	0	1	3	6	1
id:DB00207	ddi:336	15	1	1	0	0	1
id:DB00209	ddi:371	10	0	1	2	4	1
id:DB00210	ddi:1	10	0	0	9	18	1
id:DB00211	ddi:205	5	0	1	3	6	1
id:DB00212	ddi:157	5	0	0	1	2	1
id:DB00213	ddi:438	15	2	2	2	4	1
id:DB00217	ddi:195	5	0	0	3	6	1
id:DB00218	ddi:309	10	0	1	3	6	1
id:DB00219	ddi:320	10	0	0	1	2	1
id:DB00221	ddi:176	0	0	0	2	4	1
id:DB00222	ddi:330	15	0	1	3	6	1
id:DB00223	ddi:34	5	0	0	1	2	1
id:DB00224	ddi:471	5	0	5	1	2	1
id:DB00225	ddi:242	5	0	0	0	0	1
id:DB00227	ddi:511	10	1	7	3	6	1
id:DB00228	ddi:246	5	0	1	7	14	1
id:DB00229	ddi:330	5	0	0	1	2	1
id:DB00233	ddi:132	15	0	1	4	8	1
id:DB00234	ddi:297	5	0	2	1	2	1
id:DB00235	ddi:245	5	0	0	1	2	1
id:DB00238	ddi:330	15	2	8	1	2	1
id:DB00239	ddi:5	15	0	2	3	6	1
id:DB00240	ddi:36	10	0	1	1	2	1
id:DB00242	ddi:241	10	0	1	3	6	1
id:DB00250	ddi:271	10	0	13	2	4	1
id:DB00253	ddi:37	5	0	2	1	2	1
id:DB00256	ddi:132	10	1	0	1	2	1
id:DB00257	ddi:3	20	0	8	4	8	1
id:DB00258	ddi:116	15	0	0	0	0	1
id:DB00259	ddi:3	15	0	0	1	2	1
id:DB00260	ddi:34	5	0	1	2	4	1
id:DB00261	ddi:401	5	0	1	1	2	1
id:DB00263	ddi:331	15	0	1	1	2	1
id:DB00267	ddi:259	5	0	0	2	4	1
id:DB00268	ddi:349	5	0	1	4	8	1
id:DB00269	ddi:50	5	0	1	1	2	1
id:DB00271	ddi:242	5	0	0	0	0	1
id:DB00274	ddi:258	5	0	0	6	12	1
id:DB00275	ddi:218	20	1	0	1	2	1
id:DB00276	ddi:136	5	0	0	0	0	1
id:DB00277	ddi:448	25	1	7	14	28	1
id:DB00278	ddi:196	5	1	2	1	2	1
id:DB00282	ddi:315	5	1	0	1	2	1
id:DB00283	ddi:390	15	1	1	1	2	1
id:DB00284	ddi:170	10	0	0	4	8	1
id:DB00287	ddi:62	5	0	0	1	2	1
id:DB00288	ddi:36	5	0	2	2	4	1
id:DB00290	ddi:336	5	0	1	1	2	1
id:DB00291	ddi:159	5	0	1	0	0	1
id:DB00293	ddi:137	5	0	0	2	4	1
id:DB00294	ddi:425	5	0	1	1	2	1
id:DB00297	ddi:413	10	1	3	2	4	1
id:DB00298	ddi:3	5	0	0	3	6	1
id:DB00299	ddi:104	10	0	0	2	4	1
id:DB00300	ddi:408	45	1	4	2	4	1
id:DB00301	ddi:177	10	0	1	1	2	1
id:DB00302	ddi:34	5	1	0	1	2	1
id:DB00303	ddi:242	5	0	0	8	16	1
id:DB00304	ddi:317	20	0	3	2	4	1
id:DB00305	ddi:138	5	0	1	0	0	1
id:DB00306	ddi:272	5	0	0	11	22	1
id:DB00307	ddi:351	5	0	2	3	6	1
id:DB00308	ddi:398	5	1	0	10	20	1
id:DB00309	ddi:278	5	1	1	1	2	1
id:DB00311	ddi:303	0	0	0	5	10	1
id:DB00314	ddi:309	5	0	0	1	2	1
id:DB00317	ddi:293	5	1	6	1	2	1
id:DB00319	ddi:353	10	0	0	4	8	1
id:DB00324	ddi:227	45	0	2	1	2	1
id:DB00326	ddi:86	5	0	0	0	0	1
id:DB00330	ddi:466	20	0	7	3	6	1
id:DB00332	ddi:318	20	0	0	3	6	1
id:DB00337	ddi:102	5	0	1	2	4	1
id:DB00338	ddi:392	15	2	9	2	4	1
id:DB00339	ddi:243	15	0	2	1	2	1
id:DB00340	ddi:321	5	0	0	1	2	1
id:DB00345	ddi:144	5	0	0	0	0	1
id:DB00346	ddi:344	10	0	1	4	8	1
id:DB00350	ddi:176	10	0	1	3	6	1
id:DB00352	ddi:132	5	2	1	0	0	1
id:DB00353	ddi:232	10	0	1	2	4	1
id:DB00354	ddi:445	10	1	0	2	4	1
id:DB00355	ddi:242	5	0	0	2	4	1
id:DB00357	ddi:124	5	0	2	2	4	1
id:DB00358	ddi:433	10	0	4	0	0	1
id:DB00360	ddi:90	5	30	1	4	8	1
id:DB00361	ddi:353	5	1	2	1	2	1
id:DB00364	ddi:306	5	0	0	4	8	1
id:DB00365	ddi:417	5	0	2	2	4	1
id:DB00366	ddi:445	10	1	1	3	6	1
id:DB00367	ddi:277	30	0	2	6	12	1
id:DB00368	ddi:293	5	30	0	12	24	1
id:DB00369	ddi:295	5	0	1	1	2	1
id:DB00371	ddi:216	15	2	0	7	14	1
id:DB00376	ddi:321	5	0	0	5	10	1
id:DB00378	ddi:64	15	0	1	1	2	1
id:DB00379	ddi:269	5	1	5	2	4	1
id:DB00380	ddi:359	5	0	0	2	4	1
id:DB00381	ddi:342	150	1	6	8	16	1
id:DB00382	ddi:245	5	0	1	3	6	1
id:DB00383	ddi:320	10	0	0	3	6	1
id:DB00387	ddi:321	5	0	0	4	8	1
id:DB00388	ddi:292	45	0	4	3	6	1
id:DB00389	ddi:175	5	0	1	1	2	1
id:DB00392	ddi:358	5	0	1	3	6	1
id:DB00394	ddi:437	40	0	2	1	2	1
id:DB00395	ddi:276	15	0	1	5	10	1
id:DB00396	ddi:479	10	11	10	10	20	1
id:DB00397	ddi:230	10	0	1	4	8	1
id:DB00399	ddi:103	10	1	0	2	4	1
id:DB00400	ddi:94	10	0	2	2	4	1
id:DB00405	ddi:351	10	1	0	1	2	1
id:DB00408	ddi:340	5	0	0	33	66	1
id:DB00409	ddi:323	5	0	4	5	10	1
id:DB00410	ddi:1	10	0	0	1	2	1
id:DB00411	ddi:47	10	0	2	5	10	1
id:DB00414	ddi:306	5	0	2	1	2	1
id:DB00415	ddi:296	20	0	0	8	16	1
id:DB00417	ddi:72	15	0	0	5	10	1
id:DB00422	ddi:192	5	0	1	3	6	1
id:DB00423	ddi:215	15	0	0	1	2	1
id:DB00427	ddi:351	5	1	0	1	2	1
id:DB00428	ddi:132	5	0	3	0	0	1
id:DB00429	ddi:7	5	0	0	1	2	1
id:DB00430	ddi:259	5	0	0	7	14	1
id:DB00431	ddi:1	5	0	0	10	20	1
id:DB00432	ddi:406	10	0	2	1	2	1
id:DB00435	ddi:337	5	13	4	3	6	1
id:DB00437	ddi:406	10	0	2	1	2	1
id:DB00438	ddi:268	5	0	0	4	8	1
id:DB00439	ddi:413	5	1	8	1	2	1
id:DB00442	ddi:107	5	0	0	0	0	1
id:DB00445	ddi:141	5	0	2	1	2	1
id:DB00446	ddi:298	35	1	7	3	6	1
id:DB00447	ddi:259	5	0	0	2	4	1
id:DB00448	ddi:351	35	2	8	2	4	1
id:DB00449	ddi:3	5	0	0	5	10	1
id:DB00451	ddi:287	5	1	3	4	8	1
id:DB00452	ddi:299	15	1	0	0	0	1
id:DB00453	ddi:130	5	1	0	2	4	1
id:DB00455	ddi:169	5	1	13	2	4	1
id:DB00456	ddi:318	5	0	0	8	16	1
id:DB00457	ddi:264	10	0	0	7	14	1
id:DB00459	ddi:26	5	0	0	7	14	1
id:DB00460	ddi:13	5	0	0	0	0	1
id:DB00462	ddi:320	0	0	0	3	6	1
id:DB00463	ddi:328	5	0	0	11	22	1
id:DB00467	ddi:311	5	0	1	3	6	1
id:DB00471	ddi:230	10	0	5	2	4	1
id:DB00474	ddi:347	15	0	0	1	2	1
id:DB00475	ddi:233	5	0	1	2	4	1
id:DB00479	ddi:281	20	1	0	1	2	1
id:DB00480	ddi:377	5	0	0	4	8	1
id:DB00481	ddi:221	5	0	8	4	8	1
id:DB00484	ddi:241	10	0	1	3	6	1
id:DB00485	ddi:142	10	0	1	6	12	1
id:DB00487	ddi:311	5	0	1	4	8	1
id:DB00488	ddi:132	5	0	0	0	0	1
id:DB00491	ddi:170	5	0	1	4	8	1
id:DB00493	ddi:319	5	0	0	13	26	1
id:DB00494	ddi:274	5	0	3	1	2	1
id:DB00495	ddi:466	20	1	6	2	4	1
id:DB00499	ddi:449	5	0	5	3	6	1
id:DB00505	ddi:320	5	0	0	3	6	1
id:DB00508	ddi:408	5	0	1	5	10	1
id:DB00511	ddi:174	5	0	0	1	2	1
id:DB00512	ddi:276	15	0	0	0	0	1
id:DB00513	ddi:14	5	1	1	3	6	1
id:DB00517	ddi:320	0	0	0	3	6	1
id:DB00518	ddi:295	5	0	4	4	8	1
id:DB00519	ddi:194	10	2	1	1	2	1
id:DB00520	ddi:119	5	0	1	1	2	1
id:DB00521	ddi:103	15	1	1	2	4	1
id:DB00523	ddi:26	10	2	0	9	18	1
id:DB00526	ddi:339	5	0	8	0	0	1
id:DB00527	ddi:254	25	1	1	3	6	1
id:DB00529	ddi:394	5	0	0	2	4	1
id:DB00535	ddi:325	5	0	0	3	6	1
id:DB00536	ddi:92	0	0	0	2	4	1
id:DB00539	ddi:277	5	0	2	2	4	1
id:DB00541	ddi:450	5	1	3	2	4	1
id:DB00542	ddi:218	10	2	1	1	2	1
id:DB00545	ddi:92	5	0	3	2	4	1
id:DB00546	ddi:268	5	0	2	2	4	1
id:DB00547	ddi:258	10	0	0	1	2	1
id:DB00548	ddi:240	5	0	0	5	10	1
id:DB00549	ddi:201	5	0	7	1	2	1
id:DB00550	ddi:277	5	0	3	1	2	1
id:DB00552	ddi:364	5	0	0	1	2	1
id:DB00553	ddi:314	10	0	4	0	0	1
id:DB00558	ddi:242	5	0	0	3	6	1
id:DB00560	ddi:106	10	1	0	0	0	1
id:DB00561	ddi:110	5	0	0	2	4	1
id:DB00565	ddi:365	5	0	0	1	2	1
id:DB00569	ddi:388	5	1	0	2	4	1
id:DB00574	ddi:407	5	0	7	7	14	1
id:DB00576	ddi:94	25	0	1	1	2	1
id:DB00577	ddi:288	5	0	2	2	4	1
id:DB00578	ddi:103	10	0	1	1	2	1
id:DB00579	ddi:234	5	0	0	4	8	1
id:DB00581	ddi:264	10	0	0	1	2	1
id:DB00582	ddi:494	5	0	9	1	2	1
id:DB00583	ddi:325	5	16	0	11	22	1
id:DB00584	ddi:338	20	2	0	1	2	1
id:DB00585	ddi:188	5	1	1	1	2	1
id:DB00592	ddi:137	5	0	1	1	2	1
id:DB00594	ddi:346	5	1	2	9	18	1
id:DB00595	ddi:215	30	1	0	2	4	1
id:DB00596	ddi:34	5	0	0	1	2	1
id:DB00597	ddi:242	5	0	0	0	0	1
id:DB00602	ddi:175	10	0	3	0	0	1
id:DB00607	ddi:246	10	0	2	5	10	1
id:DB00609	ddi:12	5	0	0	2	4	1
id:DB00610	ddi:177	5	0	0	1	2	1
id:DB00611	ddi:271	5	0	0	3	6	1
id:DB00613	ddi:273	10	0	5	0	0	1
id:DB00615	ddi:203	5	0	5	5	10	1
id:DB00616	ddi:155	0	0	0	2	4	1
id:DB00618	ddi:132	15	1	0	0	0	1
id:DB00621	ddi:111	5	0	1	1	2	1
id:DB00623	ddi:326	5	0	2	6	12	1
id:DB00626	ddi:241	15	0	0	0	0	1
id:DB00627	ddi:213	20	1	3	4	8	1
id:DB00629	ddi:295	0	0	1	2	4	1
id:DB00630	ddi:162	20	1	0	1	2	1
id:DB00634	ddi:1	15	0	0	3	6	1
id:DB00636	ddi:205	5	0	5	1	2	1
id:DB00637	ddi:424	5	1	5	4	8	1
id:DB00640	ddi:258	5	29	7	4	8	1
id:DB00641	ddi:422	30	1	10	3	6	1
id:DB00643	ddi:1	10	0	2	2	4	1
id:DB00645	ddi:210	10	0	0	1	2	1
id:DB00646	ddi:45	20	0	0	0	0	1
id:DB00648	ddi:332	5	0	1	5	10	1
id:DB00649	ddi:147	10	1	0	1	2	1
id:DB00650	ddi:92	10	4	0	0	0	1
id:DB00651	ddi:350	20	0	0	6	12	1
id:DB00652	ddi:275	5	1	0	3	6	1
id:DB00654	ddi:6	10	0	1	1	2	1
id:DB00655	ddi:32	10	7	8	5	10	1
id:DB00658	ddi:114	5	0	0	0	0	1
id:DB00659	ddi:58	5	0	0	3	6	1
id:DB00662	ddi:213	5	0	0	0	0	1
id:DB00663	ddi:199	25	0	1	1	2	1
id:DB00664	ddi:35	10	0	0	1	2	1
id:DB00665	ddi:378	5	0	2	1	2	1
id:DB00666	ddi:56	5	0	0	2	4	1
id:DB00670	ddi:320	5	1	0	1	2	1
id:DB00671	ddi:20	5	0	0	1	2	1
id:DB00673	ddi:340	5	0	3	1	2	1
id:DB00674	ddi:342	5	0	2	4	8	1
id:DB00677	ddi:90	0	0	1	3	6	1
id:DB00680	ddi:407	5	0	0	1	2	1
id:DB00681	ddi:431	20	0	0	0	0	1
id:DB00684	ddi:310	10	1	0	0	0	1
id:DB00685	ddi:311	5	0	1	3	6	1
id:DB00686	ddi:196	10	0	0	3	6	1
id:DB00687	ddi:315	20	0	3	2	4	1
id:DB00691	ddi:325	10	2	0	1	2	1
id:DB00693	ddi:125	10	0	0	1	2	1
id:DB00694	ddi:306	10	0	7	0	0	1
id:DB00698	ddi:430	10	0	1	3	6	1
id:DB00699	ddi:266	5	0	1	1	2	1
id:DB00701	ddi:456	5	0	6	1	2	1
id:DB00703	ddi:379	10	0	0	5	10	1
id:DB00704	ddi:246	15	1	1	4	8	1
id:DB00705	ddi:410	5	1	6	1	2	1
id:DB00709	ddi:388	65	2	8	1	2	1
id:DB00710	ddi:301	10	1	0	1	2	1
id:DB00711	ddi:90	5	0	1	2	4	1
id:DB00713	ddi:295	10	0	0	9	18	1
id:DB00716	ddi:243	15	0	0	5	10	1
id:DB00717	ddi:360	30	0	8	3	6	1
id:DB00718	ddi:288	5	1	4	1	2	1
id:DB00719	ddi:183	5	1	1	1	2	1
id:DB00720	ddi:113	5	0	1	0	0	1
id:DB00723	ddi:177	5	0	0	3	6	1
id:DB00724	ddi:2	5	0	1	2	4	1
id:DB00725	ddi:319	10	0	0	5	10	1
id:DB00727	ddi:179	15	0	1	1	2	1
id:DB00730	ddi:345	10	0	2	1	2	1
id:DB00733	ddi:242	5	0	0	2	4	1
id:DB00736	ddi:168	15	2	2	2	4	1
id:DB00737	ddi:310	10	1	1	2	4	1
id:DB00739	ddi:72	10	0	0	5	10	1
id:DB00740	ddi:404	5	0	2	2	4	1
id:DB00741	ddi:438	80	12	15	2	4	1
id:DB00743	ddi:379	5	0	0	0	0	1
id:DB00744	ddi:211	0	0	5	1	2	1
id:DB00745	ddi:244	5	0	7	2	4	1
id:DB00746	ddi:2	5	0	1	0	0	1
id:DB00747	ddi:359	20	0	1	8	16	1
id:DB00748	ddi:351	5	1	0	1	2	1
id:DB00750	ddi:226	10	1	0	1	2	1
id:DB00754	ddi:296	5	0	0	2	4	1
id:DB00755	ddi:437	15	2	10	18	36	1
id:DB00758	ddi:443	5	2	8	1	2	1
id:DB00760	ddi:241	10	0	1	1	2	1
id:DB00761	ddi:306	15	0	0	6	12	1
id:DB00762	ddi:424	5	2	9	2	4	1
id:DB00764	ddi:386	10	0	3	2	4	1
id:DB00765	ddi:326	5	0	0	1	2	1
id:DB00767	ddi:321	0	0	0	6	12	1
id:DB00768	ddi:1	10	1	3	8	16	1
id:DB00770	ddi:102	10	0	0	3	6	1
id:DB00771	ddi:323	5	0	0	1	2	1
id:DB00772	ddi:4	5	0	2	1	2	1
id:DB00775	ddi:335	5	1	0	2	4	1
id:DB00776	ddi:412	5	1	9	1	2	1
id:DB00778	ddi:275	5	1	2	2	4	1
id:DB00779	ddi:367	5	0	2	0	0	1
id:DB00787	ddi:437	20	0	9	3	6	1
id:DB00789	ddi:242	5	0	0	1	2	1
id:DB00792	ddi:77	10	1	1	1	2	1
id:DB00796	ddi:311	0	1	4	1	2	1
id:DB00797	ddi:171	10	0	0	6	12	1
id:DB00798	ddi:338	25	1	0	1	2	1
id:DB00799	ddi:111	5	0	1	4	8	1
id:DB00800	ddi:409	5	0	0	8	16	1
id:DB00801	ddi:233	5	0	0	2	4	1
id:DB00803	ddi:302	10	0	0	0	0	1
id:DB00807	ddi:1	5	1	0	1	2	1
id:DB00809	ddi:73	10	0	0	4	8	1
id:DB00810	ddi:372	5	0	1	1	2	1
id:DB00811	ddi:248	5	0	2	5	10	1
id:DB00816	ddi:205	15	0	0	1	2	1
id:DB00817	ddi:311	5	0	1	2	4	1
id:DB00822	ddi:354	15	1	3	2	4	1
id:DB00823	ddi:217	0	0	1	2	4	1
id:DB00825	ddi:229	0	0	1	5	10	1
id:DB00827	ddi:340	5	0	1	1	2	1
id:DB00828	ddi:243	5	0	0	1	2	1
id:DB00830	ddi:174	0	0	0	2	4	1
id:DB00832	ddi:270	5	0	0	0	0	1
id:DB00833	ddi:351	5	0	1	2	4	1
id:DB00837	ddi:270	5	0	0	2	4	1
id:DB00838	ddi:34	5	0	0	1	2	1
id:DB00844	ddi:271	5	1	0	3	6	1
id:DB00845	ddi:311	5	0	4	2	4	1
id:DB00846	ddi:36	10	0	1	1	2	1
id:DB00847	ddi:17	10	2	1	0	0	1
id:DB00848	ddi:2	5	0	0	6	12	1
id:DB00852	ddi:301	10	0	1	12	24	1
id:DB00853	ddi:359	5	0	0	0	0	1
id:DB00854	ddi:271	0	1	0	3	6	1
id:DB00855	ddi:2	5	13	0	1	2	1
id:DB00856	ddi:6	5	0	5	0	0	1
id:DB00857	ddi:385	10	0	7	2	4	1
id:DB00859	ddi:240	5	0	0	0	0	1
id:DB00860	ddi:364	95	4	1	1	2	1
id:DB00862	ddi:428	5	0	2	3	6	1
id:DB00867	ddi:202	5	0	1	1	2	1
id:DB00868	ddi:35	5	0	1	1	2	1
id:DB00869	ddi:67	10	0	4	4	8	1
id:DB00870	ddi:10	5	1	3	2	4	1
id:DB00876	ddi:238	10	1	0	1	2	1
id:DB00879	ddi:26	50	1	1	1	2	1
id:DB00881	ddi:277	10	2	1	1	2	1
id:DB00882	ddi:115	5	0	1	2	4	1
id:DB00883	ddi:119	15	0	1	1	2	1
id:DB00884	ddi:166	20	1	1	1	2	1
id:DB00886	ddi:192	0	0	0	2	4	1
id:DB00888	ddi:206	5	0	1	0	0	1
id:DB00889	ddi:381	5	0	2	1	2	1
id:DB00890	ddi:28	10	0	0	2	4	1
id:DB00891	ddi:110	10	0	1	1	2	1
id:DB00892	ddi:239	10	1	1	1	2	1
id:DB00896	ddi:51	10	0	2	1	2	1
id:DB00900	ddi:350	5	1	0	2	4	1
id:DB00901	ddi:176	5	0	0	1	2	1
id:DB00902	ddi:39	5	1	0	1	2	1
id:DB00905	ddi:67	5	0	2	3	6	1
id:DB00906	ddi:320	5	0	2	1	2	1
id:DB00910	ddi:87	5	0	3	1	2	1
id:DB00911	ddi:312	30	0	1	0	0	1
id:DB00912	ddi:331	10	1	2	2	4	1
id:DB00913	ddi:9	5	1	0	1	2	1
id:DB00914	ddi:296	10	0	1	2	4	1
id:DB00916	ddi:383	85	0	7	1	2	1
id:DB00917	ddi:180	5	30	0	5	10	1
id:DB00919	ddi:1	5	1	0	1	2	1
id:DB00920	ddi:32	10	1	3	2	4	1
id:DB00922	ddi:241	5	0	0	4	8	1
id:DB00923	ddi:259	5	0	0	1	2	1
id:DB00924	ddi:366	5	0	5	9	18	1
id:DB00925	ddi:191	5	0	0	8	16	1
id:DB00926	ddi:25	5	0	1	6	12	1
id:DB00927	ddi:327	10	1	1	1	2	1
id:DB00928	ddi:359	5	0	1	1	2	1
id:DB00929	ddi:6	15	0	0	4	8	1
id:DB00931	ddi:130	10	1	0	0	0	1
id:DB00935	ddi:195	15	0	2	10	20	1
id:DB00940	ddi:358	5	0	1	6	12	1
id:DB00941	ddi:308	5	0	0	1	2	1
id:DB00943	ddi:65	5	1	1	1	2	1
id:DB00944	ddi:90	5	0	0	2	4	1
id:DB00947	ddi:21	5	0	2	1	2	1
id:DB00948	ddi:71	10	0	0	3	6	1
id:DB00950	ddi:215	5	1	0	1	2	1
id:DB00952	ddi:330	5	0	1	4	8	1
id:DB00954	ddi:106	5	0	1	0	0	1
id:DB00955	ddi:301	10	1	0	1	2	1
id:DB00956	ddi:370	5	1	4	3	6	1
id:DB00957	ddi:425	15	0	4	3	6	1
id:DB00958	ddi:366	5	0	9	0	0	1
id:DB00959	ddi:362	30	0	10	2	4	1
id:DB00963	ddi:9	5	1	1	2	4	1
id:DB00964	ddi:8	5	0	0	3	6	1
id:DB00966	ddi:303	15	1	2	2	4	1
id:DB00967	ddi:408	5	1	0	1	2	1
id:DB00969	ddi:412	5	0	4	1	2	1
id:DB00970	ddi:263	5	0	0	0	0	1
id:DB00973	ddi:135	20	0	6	3	6	1
id:DB00975	ddi:377	5	1	0	6	12	1
id:DB00976	ddi:457	5	1	1	0	0	1
id:DB00978	ddi:338	10	0	1	3	6	1
id:DB00979	ddi:73	10	0	1	1	2	1
id:DB00981	ddi:90	10	0	0	3	6	1
id:DB00982	ddi:347	15	0	1	2	4	1
id:DB00986	ddi:320	45	0	7	5	10	1
id:DB00987	ddi:192	10	0	5	1	2	1
id:DB00989	ddi:116	5	0	0	2	4	1
id:DB00990	ddi:45	5	0	2	1	2	1
id:DB00992	ddi:1	5	0	0	0	0	1
id:DB00995	ddi:242	5	0	0	2	4	1
id:DB00996	ddi:273	5	0	1	6	12	1
id:DB00997	ddi:411	5	1	17	0	0	1
id:DB01000	ddi:72	5	0	0	4	8	1
id:DB01003	ddi:2	45	0	0	1	2	1
id:DB01004	ddi:390	10	0	0	1	2	1
id:DB01005	ddi:151	5	0	1	1	2	1
id:DB01006	ddi:130	5	0	5	1	2	1
id:DB01007	ddi:19	15	0	4	2	4	1
id:DB01008	ddi:276	5	0	6	0	0	1
id:DB01010	ddi:333	5	0	0	2	4	1
id:DB01011	ddi:349	5	0	5	2	4	1
id:DB01012	ddi:181	5	0	3	1	2	1
id:DB01013	ddi:383	0	0	2	3	6	1
id:DB01017	ddi:402	15	1	0	2	4	1
id:DB01019	ddi:52	5	0	0	5	10	1
id:DB01020	ddi:368	5	0	3	1	2	1
id:DB01022	ddi:238	5	25	3	2	4	1
id:DB01024	ddi:432	5	1	5	2	4	1
id:DB01029	ddi:387	20	1	5	2	4	1
id:DB01033	ddi:331	10	5	3	3	6	1
id:DB01038	ddi:8	0	0	0	3	6	1
id:DB01042	ddi:132	5	0	0	0	0	1
id:DB01043	ddi:424	15	0	3	7	14	1
id:DB01044	ddi:314	10	0	1	4	8	1
id:DB01045	ddi:514	25	0	13	2	4	1
id:DB01046	ddi:348	5	0	1	1	2	1
id:DB01047	ddi:383	15	0	2	2	4	1
id:DB01048	ddi:259	20	1	3	2	4	1
id:DB01051	ddi:145	0	0	0	2	4	1
id:DB01053	ddi:240	20	0	1	4	8	1
id:DB01056	ddi:140	5	1	1	1	2	1
id:DB01057	ddi:4	5	0	0	1	2	1
id:DB01058	ddi:233	5	0	6	0	0	1
id:DB01059	ddi:388	15	0	4	3	6	1
id:DB01060	ddi:310	70	0	2	1	2	1
id:DB01061	ddi:101	10	0	0	1	2	1
id:DB01063	ddi:272	5	0	0	2	4	1
id:DB01064	ddi:208	25	1	3	4	8	1
id:DB01065	ddi:370	5	1	9	10	20	1
id:DB01066	ddi:274	5	0	0	2	4	1
id:DB01070	ddi:52	5	0	0	1	2	1
id:DB01071	ddi:302	5	1	2	1	2	1
id:DB01073	ddi:136	5	0	0	2	4	1
id:DB01074	ddi:407	5	0	3	3	6	1
id:DB01076	ddi:322	40	0	10	5	10	1
id:DB01077	ddi:110	10	0	0	0	0	1
id:DB01078	ddi:174	5	0	0	1	2	1
id:DB01079	ddi:423	5	0	4	4	8	1
id:DB01080	ddi:270	5	0	1	1	2	1
id:DB01081	ddi:271	5	1	0	2	4	1
id:DB01082	ddi:310	20	1	0	0	0	1
id:DB01083	ddi:43	5	0	3	3	6	1
id:DB01084	ddi:151	5	1	0	1	2	1
id:DB01085	ddi:70	15	0	2	4	8	1
id:DB01087	ddi:503	5	0	5	0	0	1
id:DB01088	ddi:229	5	0	0	8	16	1
id:DB01089	ddi:156	10	0	0	1	2	1
id:DB01090	ddi:327	0	0	0	3	6	1
id:DB01092	ddi:242	5	0	0	3	6	1
id:DB01093	ddi:389	10	0	3	0	0	1
id:DB01094	ddi:155	0	0	1	4	8	1
id:DB01095	ddi:380	5	1	11	2	4	1
id:DB01096	ddi:67	5	0	1	0	0	1
id:DB01097	ddi:359	5	0	2	3	6	1
id:DB01098	ddi:469	65	1	1	2	4	1
id:DB01099	ddi:365	10	0	0	0	0	1
id:DB01102	ddi:176	5	1	0	3	6	1
id:DB01103	ddi:137	5	0	3	0	0	1
id:DB01106	ddi:190	10	1	0	2	4	1
id:DB01107	ddi:212	5	0	0	2	4	1
id:DB01108	ddi:302	5	0	0	4	8	1
id:DB01110	ddi:404	40	0	11	8	16	1
id:DB01112	ddi:275	15	0	0	1	2	1
id:DB01113	ddi:225	15	0	0	2	4	1
id:DB01116	ddi:330	5	0	1	1	2	1
id:DB01117	ddi:104	5	0	2	3	6	1
id:DB01119	ddi:190	15	0	1	5	10	1
id:DB01120	ddi:332	5	1	2	2	4	1
id:DB01121	ddi:270	5	0	0	1	2	1
id:DB01122	ddi:90	5	0	1	1	2	1
id:DB01126	ddi:206	10	0	1	2	4	1
id:DB01127	ddi:24	20	0	3	2	4	1
id:DB01128	ddi:201	10	0	4	1	2	1
id:DB01129	ddi:387	30	2	7	1	2	1
id:DB01130	ddi:42	5	0	1	1	2	1
id:DB01131	ddi:198	10	0	3	2	4	1
id:DB01132	ddi:266	25	0	3	2	4	1
id:DB01133	ddi:283	5	0	0	0	0	1
id:DB01138	ddi:275	5	0	4	4	8	1
id:DB01139	ddi:259	5	0	0	1	2	1
id:DB01140	ddi:301	5	0	0	4	8	1
id:DB01141	ddi:4	5	0	2	1	2	1
id:DB01143	ddi:86	5	0	1	1	2	1
id:DB01144	ddi:356	10	0	0	5	10	1
id:DB01146	ddi:11	10	1	0	2	4	1
id:DB01147	ddi:72	10	0	0	3	6	1
id:DB01150	ddi:259	5	0	0	3	6	1
id:DB01152	ddi:106	5	0	1	0	0	1
id:DB01155	ddi:311	5	0	1	2	4	1
id:DB01157	ddi:247	5	0	0	1	2	1
id:DB01158	ddi:314	5	0	0	1	2	1
id:DB01160	ddi:1	0	0	0	2	4	1
id:DB01161	ddi:274	5	1	1	2	4	1
id:DB01162	ddi:172	5	0	0	7	14	1
id:DB01163	ddi:72	5	0	0	6	12	1
id:DB01164	ddi:105	20	0	0	1	2	1
id:DB01165	ddi:368	20	0	1	3	6	1
id:DB01170	ddi:388	15	0	0	1	2	1
id:DB01172	ddi:303	15	1	3	1	2	1
id:DB01176	ddi:410	10	1	1	2	4	1
id:DB01177	ddi:308	5	0	2	0	0	1
id:DB01178	ddi:215	15	0	0	1	2	1
id:DB01180	ddi:192	15	1	0	1	2	1
id:DB01184	ddi:444	5	0	7	2	4	1
id:DB01185	ddi:48	5	0	0	4	8	1
id:DB01190	ddi:262	20	1	2	1	2	1
id:DB01191	ddi:228	5	0	3	2	4	1
id:DB01192	ddi:382	0	1	2	2	4	1
id:DB01194	ddi:5	15	0	1	5	10	1
id:DB01195	ddi:366	5	1	3	4	8	1
id:DB01196	ddi:140	5	0	1	4	8	1
id:DB01197	ddi:340	10	1	0	5	10	1
id:DB01201	ddi:351	5	0	6	1	2	1
id:DB01202	ddi:270	5	0	0	2	4	1
id:DB01204	ddi:201	5	0	3	0	0	1
id:DB01205	ddi:249	5	0	0	4	8	1
id:DB01206	ddi:131	5	0	2	0	0	1
id:DB01207	ddi:101	0	0	0	2	4	1
id:DB01208	ddi:271	5	0	1	3	6	1
id:DB01209	ddi:271	5	1	0	2	4	1
id:DB01210	ddi:10	5	1	1	2	4	1
id:DB01211	ddi:504	45	1	2	4	8	1
id:DB01212	ddi:305	10	0	1	5	10	1
id:DB01213	ddi:262	5	0	2	4	8	1
id:DB01214	ddi:102	15	1	1	2	4	1
id:DB01216	ddi:223	15	0	3	3	6	1
id:DB01217	ddi:118	5	0	8	1	2	1
id:DB01218	ddi:369	5	0	4	0	0	1
id:DB01219	ddi:324	5	0	0	1	2	1
id:DB01220	ddi:66	10	0	3	2	4	1
id:DB01223	ddi:346	20	0	3	4	8	1
id:DB01228	ddi:245	5	0	1	1	2	1
id:DB01231	ddi:320	0	0	0	3	6	1
id:DB01235	ddi:320	15	11	1	5	10	1
id:DB01245	ddi:303	0	0	1	4	8	1
id:DB01246	ddi:394	5	1	0	1	2	1
id:DB01248	ddi:385	5	1	4	6	12	1
id:DB01249	ddi:242	5	0	0	0	0	1
id:DB01251	ddi:306	5	0	1	2	4	1
id:DB01252	ddi:175	5	0	2	2	4	1
id:DB01255	ddi:373	5	0	1	1	2	1
id:DB01256	ddi:155	5	0	1	1	2	1
id:DB01259	ddi:392	5	0	4	2	4	1
id:DB01260	ddi:42	15	0	1	1	2	1
id:DB01262	ddi:131	5	0	4	0	0	1
id:DB01263	ddi:467	5	0	1	1	2	1
id:DB01264	ddi:447	25	0	2	1	2	1
id:DB01265	ddi:3	5	0	0	1	2	1
id:DB01273	ddi:300	5	0	0	5	10	1
id:DB01278	ddi:203	5	0	0	4	8	1
id:DB01280	ddi:131	5	0	3	0	0	1
id:DB01282	ddi:89	5	0	0	1	2	1
id:DB01284	ddi:26	5	0	0	1	2	1
id:DB01288	ddi:286	20	0	0	3	6	1
id:DB01289	ddi:306	5	0	1	1	2	1
id:DB01291	ddi:177	10	0	0	2	4	1
id:DB01296	ddi:18	5	6	0	2	4	1
id:DB01298	ddi:35	5	0	0	1	2	1
id:DB01299	ddi:47	5	0	0	2	4	1
id:DB01301	ddi:106	10	1	0	1	2	1
id:DB01303	ddi:207	15	0	1	5	10	1
id:DB01319	ddi:149	5	0	1	1	2	1
id:DB01321	ddi:42	5	1	0	1	2	1
id:DB01325	ddi:392	15	1	0	5	10	1
id:DB01326	ddi:291	5	0	0	1	2	1
id:DB01327	ddi:329	5	0	1	8	16	1
id:DB01328	ddi:258	5	0	0	5	10	1
id:DB01329	ddi:290	5	0	0	9	18	1
id:DB01330	ddi:267	5	0	0	1	2	1
id:DB01331	ddi:258	5	0	1	12	24	1
id:DB01332	ddi:329	5	0	0	2	4	1
id:DB01333	ddi:385	5	0	1	1	2	1
id:DB01339	ddi:366	5	0	0	1	2	1
id:DB01340	ddi:194	10	2	0	1	2	1
id:DB01345	ddi:328	0	30	0	1	2	1
id:DB01348	ddi:192	5	2	0	1	2	1
id:DB01349	ddi:91	5	0	1	2	4	1
id:DB01352	ddi:360	5	0	1	10	20	1
id:DB01353	ddi:272	5	0	0	10	20	1
id:DB01354	ddi:272	5	0	0	10	20	1
id:DB01357	ddi:320	0	0	3	1	2	1
id:DB01362	ddi:28	5	0	0	0	0	1
id:DB01364	ddi:275	30	0	2	4	8	1
id:DB01365	ddi:290	5	0	0	2	4	1
id:DB01366	ddi:202	10	0	0	1	2	1
id:DB01370	ddi:43	0	0	0	4	8	1
id:DB01373	ddi:102	35	30	0	20	40	1
id:DB01377	ddi:277	15	0	0	0	0	1
id:DB01378	ddi:159	0	30	0	1	2	1
id:DB01380	ddi:407	0	0	2	2	4	1
id:DB01382	ddi:176	10	0	0	2	4	1
id:DB01390	ddi:102	10	0	0	0	0	1
id:DB01393	ddi:165	5	0	3	7	14	1
id:DB01394	ddi:473	5	0	4	1	2	1
id:DB01396	ddi:470	5	0	2	1	2	1
id:DB01400	ddi:90	15	0	1	1	2	1
id:DB01405	ddi:338	5	0	1	2	4	1
id:DB01406	ddi:362	5	0	2	6	12	1
id:DB01407	ddi:203	15	0	1	5	10	1
id:DB01408	ddi:229	5	0	1	1	2	1
id:DB01411	ddi:96	5	0	2	6	12	1
id:DB01412	ddi:429	15	1	2	3	6	1
id:DB01413	ddi:258	10	0	0	4	8	1
id:DB01414	ddi:329	5	0	0	2	4	1
id:DB01415	ddi:339	5	0	0	4	8	1
id:DB01416	ddi:269	5	0	0	1	2	1
id:DB01420	ddi:388	0	0	4	1	2	1
id:DB01421	ddi:302	5	1	0	1	2	1
id:DB01423	ddi:98	5	0	0	0	0	1
id:DB01425	ddi:8	5	0	0	1	2	1
id:DB01426	ddi:162	5	0	0	1	2	1
id:DB01427	ddi:245	5	0	0	4	8	1
id:DB01428	ddi:242	0	0	0	4	8	1
id:DB01429	ddi:140	5	0	1	2	4	1
id:DB01431	ddi:453	5	0	0	2	4	1
id:DB01436	ddi:52	10	0	0	3	6	1
id:DB01437	ddi:212	5	0	1	2	4	1
id:DB01438	ddi:262	5	0	0	1	2	1
id:DB01440	ddi:211	0	0	0	2	4	1
id:DB01452	ddi:272	5	2	0	4	8	1
id:DB01459	ddi:173	5	0	0	0	0	1
id:DB01463	ddi:210	5	0	0	1	2	1
id:DB01466	ddi:401	10	1	4	1	2	1
id:DB01482	ddi:207	5	0	1	0	0	1
id:DB01488	ddi:223	0	0	0	3	6	1
id:DB01489	ddi:233	5	0	0	2	4	1
id:DB01495	ddi:212	5	0	0	0	0	1
id:DB01496	ddi:123	0	0	0	10	20	1
id:DB01497	ddi:271	0	0	0	6	12	1
id:DB01501	ddi:210	5	0	0	0	0	1
id:DB01511	ddi:276	0	0	0	2	4	1
id:DB01520	ddi:1	0	0	0	7	14	1
id:DB01529	ddi:271	5	0	0	0	0	1
id:DB01534	ddi:214	5	0	0	0	0	1
id:DB01535	ddi:271	0	1	0	3	6	1
id:DB01536	ddi:54	0	4	1	4	8	1
id:DB01537	ddi:17	0	0	0	2	4	1
id:DB01544	ddi:429	5	0	9	2	4	1
id:DB01545	ddi:233	5	0	0	2	4	1
id:DB01548	ddi:23	0	0	0	4	8	1
id:DB01551	ddi:382	20	0	2	0	0	1
id:DB01553	ddi:233	5	0	0	2	4	1
id:DB01559	ddi:302	5	0	4	2	4	1
id:DB01565	ddi:271	0	1	0	5	10	1
id:DB01567	ddi:233	5	0	0	16	32	1
id:DB01575	ddi:21	5	0	0	0	0	1
id:DB01576	ddi:378	5	0	2	6	12	1
id:DB01579	ddi:251	0	0	0	3	6	1
id:DB01581	ddi:37	20	0	0	1	2	1
id:DB01582	ddi:35	15	0	1	1	2	1
id:DB01583	ddi:320	0	0	2	2	4	1
id:DB01586	ddi:96	5	0	1	2	4	1
id:DB01588	ddi:267	5	0	1	2	4	1
id:DB01589	ddi:375	5	0	4	2	4	1
id:DB01592	ddi:73	25	30	0	13	26	1
id:DB01593	ddi:40	5	30	1	124	248	1
id:DB01594	ddi:235	5	0	0	2	4	1
id:DB01595	ddi:313	5	0	2	3	6	1
id:DB01597	ddi:54	5	0	0	1	2	1
id:DB01598	ddi:62	5	0	5	5	10	1
id:DB01599	ddi:143	5	0	0	2	4	1
id:DB01602	ddi:72	10	0	0	1	2	1
id:DB01603	ddi:72	10	0	0	6	12	1
id:DB01604	ddi:72	10	0	0	1	2	1
id:DB01605	ddi:72	10	0	0	1	2	1
id:DB01606	ddi:140	5	0	0	3	6	1
id:DB01607	ddi:71	10	0	0	1	2	1
id:DB01609	ddi:301	5	0	6	0	0	1
id:DB01610	ddi:277	5	0	0	0	0	1
id:DB01611	ddi:446	5	0	3	0	0	1
id:DB01612	ddi:112	5	0	1	1	2	1
id:DB01613	ddi:24	10	0	0	2	4	1
id:DB01616	ddi:211	10	0	0	1	2	1
id:DB01618	ddi:241	5	0	0	4	8	1
id:DB01619	ddi:11	5	1	0	1	2	1
id:DB01620	ddi:151	10	1	0	3	6	1
id:DB01621	ddi:395	5	0	3	4	8	1
id:DB01625	ddi:320	10	0	0	2	4	1
id:DB01627	ddi:71	5	1	0	0	0	1
id:DB01629	ddi:12	0	0	0	2	4	1
id:DB01638	ddi:347	20	5	0	0	0	1
id:DB01645	ddi:312	0	0	7	13	26	1
id:DB01685	ddi:467	0	0	6	1	2	1
id:DB01698	ddi:9	10	0	1	2	4	1
id:DB01700	ddi:169	0	17	0	1	2	1
id:DB01708	ddi:20	15	0	7	9	18	1
id:DB01783	ddi:22	10	5	0	1	2	1
id:DB01791	ddi:1	0	0	0	4	8	1
id:DB01839	ddi:2	0	6	0	1	2	1
id:DB01873	ddi:106	0	0	1	11	22	1
id:DB01878	ddi:1	0	0	0	2	4	1
id:DB01892	ddi:40	0	0	0	3	6	1
id:DB01942	ddi:22	0	30	0	50	100	1
id:DB01954	ddi:211	0	0	0	2	4	1
id:DB02031	ddi:10	0	0	0	2	4	1
id:DB02032	ddi:110	0	0	0	6	12	1
id:DB02056	ddi:4	0	30	0	2	4	1
id:DB02058	ddi:10	0	0	0	2	4	1
id:DB02134	ddi:207	0	17	1	2	4	1
id:DB02187	ddi:34	0	0	1	2	4	1
id:DB02207	ddi:271	0	0	0	2	4	1
id:DB02234	ddi:215	0	0	0	3	6	1
id:DB02237	ddi:1	0	0	0	2	4	1
id:DB02261	ddi:22	0	0	0	2	4	1
id:DB02285	ddi:2	0	5	0	1	2	1
id:DB02300	ddi:9	10	0	2	1	2	1
id:DB02345	ddi:1	0	1	0	4	8	1
id:DB02365	ddi:91	0	0	0	2	4	1
id:DB02377	ddi:125	0	17	0	5	10	1
id:DB02424	ddi:10	0	0	0	3	6	1
id:DB02527	ddi:84	0	30	0	6	12	1
id:DB02546	ddi:296	5	0	0	6	12	1
id:DB02552	ddi:20	0	23	0	8	16	1
id:DB02587	ddi:1	0	0	0	4	8	1
id:DB02638	ddi:146	5	0	0	3	6	1
id:DB02640	ddi:9	5	0	0	1	2	1
id:DB02659	ddi:220	5	7	0	23	46	1
id:DB02703	ddi:459	20	0	3	3	6	1
id:DB02709	ddi:224	0	0	4	26	52	1
id:DB02789	ddi:34	0	0	1	2	4	1
id:DB02845	ddi:90	0	0	1	3	6	1
id:DB02901	ddi:73	10	0	3	4	8	1
id:DB02925	ddi:344	10	0	0	1	2	1
id:DB02959	ddi:209	5	1	0	1	2	1
id:DB02968	ddi:52	0	0	0	2	4	1
id:DB03010	ddi:106	0	0	1	11	22	1
id:DB03128	ddi:65	5	16	0	6	12	1
id:DB03256	ddi:4	0	0	0	5	10	1
id:DB03313	ddi:28	0	0	0	6	12	1
id:DB03374	ddi:119	0	1	0	6	12	1
id:DB03419	ddi:7	0	9	0	7	14	1
id:DB03424	ddi:1	0	0	0	2	4	1
id:DB03450	ddi:240	0	0	0	2	4	1
id:DB03467	ddi:60	0	0	0	8	16	1
id:DB03496	ddi:77	0	0	1	11	22	1
id:DB03515	ddi:34	0	0	1	2	4	1
id:DB03553	ddi:107	0	0	0	3	6	1
id:DB03566	ddi:18	0	9	0	5	10	1
id:DB03575	ddi:233	0	0	1	2	4	1
id:DB03587	ddi:2	0	16	0	1	2	1
id:DB03604	ddi:157	10	0	0	1	2	1
id:DB03615	ddi:302	5	0	1	4	8	1
id:DB03619	ddi:83	5	0	0	11	22	1
id:DB03754	ddi:1	10	0	0	1	2	1
id:DB03756	ddi:108	0	0	1	6	12	1
id:DB03758	ddi:10	0	0	0	5	10	1
id:DB03783	ddi:312	15	0	9	1	2	1
id:DB03793	ddi:67	10	0	0	9	18	1
id:DB03843	ddi:2	0	30	0	1	2	1
id:DB03849	ddi:1	0	0	0	2	4	1
id:DB03866	ddi:4	0	30	0	1	2	1
id:DB04066	ddi:153	0	0	0	4	8	1
id:DB04076	ddi:207	0	17	1	1	2	1
id:DB04145	ddi:1	10	0	0	0	0	1
id:DB04160	ddi:20	0	30	0	1	2	1
id:DB04165	ddi:270	5	0	0	1	2	1
id:DB04209	ddi:1	15	0	0	5	10	1
id:DB04216	ddi:128	0	0	6	29	58	1
id:DB04267	ddi:1	0	0	0	2	4	1
id:DB04272	ddi:20	5	15	0	50	100	1
id:DB04325	ddi:210	0	0	0	3	6	1
id:DB04334	ddi:2	0	0	0	3	6	1
id:DB04339	ddi:10	5	0	3	2	4	1
id:DB04348	ddi:271	0	7	0	3	6	1
id:DB04365	ddi:47	0	0	0	2	4	1
id:DB04468	ddi:1	0	0	0	7	14	1
id:DB04513	ddi:1	0	0	0	3	6	1
id:DB04519	ddi:55	0	1	0	3	6	1
id:DB04540	ddi:60	0	30	0	4	8	1
id:DB04557	ddi:107	0	30	1	5	10	1
id:DB04570	ddi:259	5	0	0	4	8	1
id:DB04571	ddi:8	10	0	0	0	0	1
id:DB04572	ddi:357	5	0	3	0	0	1
id:DB04573	ddi:53	10	1	0	3	6	1
id:DB04576	ddi:270	5	0	0	3	6	1
id:DB04599	ddi:210	5	0	0	4	8	1
id:DB04630	ddi:315	5	0	4	2	4	1
id:DB04652	ddi:34	0	11	1	3	6	1
id:DB04695	ddi:143	0	0	0	4	8	1
id:DB04707	ddi:35	0	0	0	3	6	1
id:DB04725	ddi:328	0	0	4	3	6	1
id:DB04794	ddi:108	10	0	3	2	4	1
id:DB04795	ddi:1	0	0	0	2	4	1
id:DB04816	ddi:120	15	0	0	0	0	1
id:DB04819	ddi:223	5	1	0	0	0	1
id:DB04821	ddi:210	5	0	0	7	14	1
id:DB04823	ddi:120	5	0	0	0	0	1
id:DB04824	ddi:118	5	0	0	5	10	1
id:DB04825	ddi:315	10	0	1	2	4	1
id:DB04826	ddi:3	15	1	0	0	0	1
id:DB04830	ddi:185	5	0	0	0	0	1
id:DB04833	ddi:250	10	0	1	0	0	1
id:DB04835	ddi:35	5	0	1	1	2	1
id:DB04837	ddi:7	5	0	0	1	2	1
id:DB04838	ddi:207	5	0	1	2	4	1
id:DB04839	ddi:336	10	0	2	2	4	1
id:DB04840	ddi:261	5	0	2	1	2	1
id:DB04843	ddi:320	5	0	0	2	4	1
id:DB04844	ddi:279	5	0	2	2	4	1
id:DB04845	ddi:347	5	0	1	1	2	1
id:DB04849	ddi:10	5	0	0	1	2	1
id:DB04851	ddi:84	0	0	0	3	6	1
id:DB04854	ddi:98	5	0	7	1	2	1
id:DB04856	ddi:161	0	0	5	1	2	1
id:DB04863	ddi:1	0	0	0	2	4	1
id:DB04865	ddi:22	5	0	0	2	4	1
id:DB04866	ddi:9	0	0	0	2	4	1
id:DB04876	ddi:189	10	0	0	1	2	1
id:DB04878	ddi:170	5	0	0	1	2	1
id:DB04879	ddi:10	0	1	0	3	6	1
id:DB04880	ddi:5	5	0	0	1	2	1
id:DB04885	ddi:211	5	0	0	1	2	1
id:DB04888	ddi:237	0	0	0	2	4	1
id:DB04889	ddi:195	0	0	4	3	6	1
id:DB04891	ddi:52	0	0	0	2	4	1
id:DB04892	ddi:90	0	0	0	3	6	1
id:DB04894	ddi:74	5	0	1	3	6	1
id:DB04898	ddi:291	5	1	1	1	2	1
id:DB04903	ddi:213	0	0	0	2	4	1
id:DB04905	ddi:301	0	0	3	2	4	1
id:DB04911	ddi:209	5	0	4	0	0	1
id:DB04917	ddi:211	0	0	0	2	4	1
id:DB04918	ddi:259	0	0	0	3	6	1
id:DB04930	ddi:242	10	0	1	3	6	1
id:DB04938	ddi:213	5	0	5	1	2	1
id:DB04951	ddi:200	5	0	5	0	0	1
id:DB04957	ddi:257	0	0	4	3	6	1
id:DB04975	ddi:76	0	0	3	1	2	1
id:DB04977	ddi:26	5	0	4	0	0	1
id:DB04996	ddi:2	5	0	0	0	0	1
id:DB05015	ddi:294	5	0	5	1	2	1
id:DB05016	ddi:79	5	0	4	0	0	1
id:DB05018	ddi:260	5	0	1	1	2	1
id:DB05137	ddi:47	0	0	0	3	6	1
id:DB05154	ddi:196	0	0	2	5	10	1
id:DB05168	ddi:18	5	0	0	3	6	1
id:DB05212	ddi:34	0	0	1	2	4	1
id:DB05223	ddi:143	0	0	0	4	8	1
id:DB05229	ddi:277	5	0	1	1	2	1
id:DB05232	ddi:210	0	0	0	4	8	1
id:DB05239	ddi:292	5	0	2	1	2	1
id:DB05245	ddi:1	15	0	0	0	0	1
id:DB05260	ddi:98	0	0	0	3	6	1
id:DB05266	ddi:196	5	0	0	5	10	1
id:DB05294	ddi:381	5	0	3	5	10	1
id:DB05316	ddi:227	5	0	4	3	6	1
id:DB05351	ddi:121	5	0	2	3	6	1
id:DB05361	ddi:196	0	0	0	2	4	1
id:DB05381	ddi:43	10	0	1	5	10	1
id:DB05383	ddi:13	0	0	0	3	6	1
id:DB05428	ddi:2	0	0	0	3	6	1
id:DB05465	ddi:153	0	0	0	2	4	1
id:DB05482	ddi:102	0	2	1	1	2	1
id:DB05521	ddi:402	5	0	1	3	6	1
id:DB05528	ddi:14	5	0	0	0	0	1
id:DB05540	ddi:1	0	0	0	3	6	1
id:DB05667	ddi:209	0	0	6	2	4	1
id:DB05708	ddi:149	0	0	2	1	2	1
id:DB05767	ddi:101	0	0	0	5	10	1
id:DB05804	ddi:84	0	3	3	0	0	1
id:DB05812	ddi:419	5	0	7	1	2	1
id:DB05885	ddi:207	0	0	1	3	6	1
id:DB05928	ddi:248	0	0	6	1	2	1
id:DB05990	ddi:124	5	0	1	1	2	1
id:DB06077	ddi:335	0	0	10	5	10	1
id:DB06119	ddi:456	0	0	9	0	0	1
id:DB06144	ddi:358	5	0	2	8	16	1
id:DB06145	ddi:14	10	0	0	1	2	1
id:DB06147	ddi:1	15	0	1	1	2	1
id:DB06150	ddi:35	10	0	1	0	0	1
id:DB06151	ddi:43	15	0	1	2	4	1
id:DB06152	ddi:343	10	0	2	2	4	1
id:DB06154	ddi:265	10	0	3	2	4	1
id:DB06155	ddi:291	5	0	1	2	4	1
id:DB06160	ddi:311	5	0	1	0	0	1
id:DB06174	ddi:134	5	0	2	1	2	1
id:DB06176	ddi:405	5	0	5	5	10	1
id:DB06196	ddi:263	5	0	0	2	4	1
id:DB06200	ddi:162	5	0	0	0	0	1
id:DB06201	ddi:341	5	0	3	2	4	1
id:DB06202	ddi:1	5	0	0	3	6	1
id:DB06204	ddi:281	5	0	5	6	12	1
id:DB06206	ddi:31	5	0	0	0	0	1
id:DB06207	ddi:257	5	0	4	4	8	1
id:DB06210	ddi:310	5	0	5	1	2	1
id:DB06211	ddi:281	5	0	1	5	10	1
id:DB06213	ddi:17	5	0	0	1	2	1
id:DB06217	ddi:246	5	0	1	4	8	1
id:DB06230	ddi:269	5	0	3	3	6	1
id:DB06233	ddi:106	5	0	1	1	2	1
id:DB06234	ddi:144	5	0	2	1	2	1
id:DB06237	ddi:327	5	0	2	1	2	1
id:DB06255	ddi:112	0	0	0	4	8	1
id:DB06261	ddi:2	5	0	0	0	0	1
id:DB06264	ddi:214	10	0	1	0	0	1
id:DB06266	ddi:153	5	0	0	2	4	1
id:DB06267	ddi:208	5	0	2	1	2	1
id:DB06268	ddi:329	5	0	3	2	4	1
id:DB06274	ddi:23	5	1	0	3	6	1
id:DB06283	ddi:344	5	0	0	2	4	1
id:DB06288	ddi:370	5	0	0	7	14	1
id:DB06290	ddi:489	10	0	2	1	2	1
id:DB06358	ddi:5	5	0	0	1	2	1
id:DB06401	ddi:22	10	0	3	2	4	1
id:DB06402	ddi:379	5	0	0	0	0	1
id:DB06403	ddi:372	10	0	6	2	4	1
id:DB06410	ddi:52	5	0	1	1	2	1
id:DB06412	ddi:62	5	0	7	2	4	1
id:DB06413	ddi:260	5	0	6	1	2	1
id:DB06414	ddi:246	5	0	3	2	4	1
id:DB06441	ddi:197	5	0	0	1	2	1
id:DB06442	ddi:211	0	0	4	1	2	1
id:DB06448	ddi:411	0	0	9	2	4	1
id:DB06470	ddi:352	10	0	4	1	2	1
id:DB06479	ddi:207	5	0	1	1	2	1
id:DB06510	ddi:101	0	0	4	2	4	1
id:DB06512	ddi:324	0	0	1	2	4	1
id:DB06535	ddi:12	5	0	0	0	0	1
id:DB06558	ddi:1	0	0	0	2	4	1
id:DB06590	ddi:258	5	0	0	0	0	1
id:DB06594	ddi:360	5	0	2	3	6	1
id:DB06595	ddi:399	5	0	12	6	12	1
id:DB06600	ddi:311	5	0	1	0	0	1
id:DB06603	ddi:450	5	0	2	1	2	1
id:DB06608	ddi:143	5	0	2	0	0	1
id:DB06616	ddi:393	5	1	2	10	20	1
id:DB06623	ddi:242	5	0	0	1	2	1
id:DB06626	ddi:405	5	0	5	3	6	1
id:DB06637	ddi:291	5	0	1	16	32	1
id:DB06652	ddi:192	0	0	3	1	2	1
id:DB06663	ddi:242	5	0	1	4	8	1
id:DB06670	ddi:195	0	0	2	1	2	1
id:DB06685	ddi:34	5	0	1	0	0	1
id:DB06690	ddi:331	10	0	0	0	0	1
id:DB06691	ddi:385	10	1	1	1	2	1
id:DB06694	ddi:262	20	0	0	6	12	1
id:DB06696	ddi:302	5	1	0	1	2	1
id:DB06697	ddi:354	10	1	5	0	0	1
id:DB06698	ddi:69	5	1	1	2	4	1
id:DB06699	ddi:143	5	0	0	1	2	1
id:DB06704	ddi:37	15	0	0	0	0	1
id:DB06705	ddi:242	5	0	0	0	0	1
id:DB06706	ddi:167	5	0	0	2	4	1
id:DB06708	ddi:232	5	0	2	0	0	1
id:DB06709	ddi:130	5	0	0	5	10	1
id:DB06710	ddi:396	15	0	3	2	4	1
id:DB06711	ddi:251	20	0	0	2	4	1
id:DB06713	ddi:175	5	0	2	3	6	1
id:DB06715	ddi:162	15	0	0	0	0	1
id:DB06716	ddi:217	0	0	0	2	4	1
id:DB06718	ddi:53	5	0	0	1	2	1
id:DB06719	ddi:171	5	0	1	2	4	1
id:DB06723	ddi:156	15	0	0	0	0	1
id:DB06724	ddi:165	15	0	0	0	0	1
id:DB06727	ddi:143	5	0	1	0	0	1
id:DB06728	ddi:29	0	0	1	2	4	1
id:DB06729	ddi:178	15	0	4	1	2	1
id:DB06730	ddi:263	10	0	4	1	2	1
id:DB06732	ddi:62	0	0	1	5	10	1
id:DB06739	ddi:282	5	0	8	1	2	1
id:DB06741	ddi:21	0	0	4	1	2	1
id:DB06742	ddi:34	10	0	1	0	0	1
id:DB06751	ddi:2	5	0	0	2	4	1
id:DB06753	ddi:212	5	0	0	0	0	1
id:DB06755	ddi:1	10	0	1	0	0	1
id:DB06756	ddi:90	10	0	2	1	2	1
id:DB06762	ddi:189	10	0	1	0	0	1
id:DB06764	ddi:177	20	0	0	2	4	1
id:DB06766	ddi:3	5	1	0	1	2	1
id:DB06767	ddi:290	10	0	0	0	0	1
id:DB06769	ddi:319	5	0	1	0	0	1
id:DB06771	ddi:4	5	0	1	4	8	1
id:DB06772	ddi:421	5	0	3	2	4	1
id:DB06774	ddi:263	10	0	9	2	4	1
id:DB06777	ddi:106	5	7	3	4	8	1
id:DB06781	ddi:37	5	0	1	1	2	1
id:DB06782	ddi:248	5	0	0	0	0	1
id:DB06783	ddi:72	5	0	0	0	0	1
id:DB06786	ddi:36	5	0	1	1	2	1
id:DB06787	ddi:320	5	0	0	4	8	1
id:DB06788	ddi:171	5	0	0	1	2	1
id:DB06789	ddi:268	0	0	3	1	2	1
id:DB06791	ddi:131	5	0	1	2	4	1
id:DB06792	ddi:56	5	0	0	0	0	1
id:DB06795	ddi:3	10	0	0	1	2	1
id:DB06796	ddi:242	5	0	1	0	0	1
id:DB06797	ddi:211	5	0	0	0	0	1
id:DB06799	ddi:32	5	0	0	0	0	1
id:DB06800	ddi:268	5	0	0	2	4	1
id:DB06802	ddi:9	5	1	0	2	4	1
id:DB06803	ddi:157	5	0	2	0	0	1
id:DB06809	ddi:242	5	0	0	1	2	1
id:DB06811	ddi:2	5	0	0	0	0	1
id:DB06813	ddi:395	5	0	1	2	4	1
id:DB06815	ddi:242	5	0	0	0	0	1
id:DB06817	ddi:106	10	0	1	1	2	1
id:DB06819	ddi:87	5	0	1	2	4	1
id:DB06821	ddi:37	10	0	0	1	2	1
id:DB06823	ddi:242	5	0	1	0	0	1
id:DB06824	ddi:265	5	0	0	0	0	1
id:DB06825	ddi:171	5	0	0	1	2	1
id:DB06826	ddi:62	5	0	0	0	0	1
id:DB07118	ddi:6	5	0	0	1	2	1
id:DB07348	ddi:164	0	0	1	2	4	1
id:DB07374	ddi:1	0	0	0	13	26	1
id:DB07447	ddi:19	0	3	0	1	2	1
id:DB07477	ddi:8	5	0	0	1	2	1
id:DB07615	ddi:382	0	0	2	1	2	1
id:DB07637	ddi:119	5	0	0	1	2	1
id:DB07715	ddi:120	0	0	0	4	8	1
id:DB07720	ddi:47	0	0	0	7	14	1
id:DB07767	ddi:343	0	0	0	4	8	1
id:DB07768	ddi:20	0	0	0	2	4	1
id:DB07780	ddi:143	0	28	0	11	22	1
id:DB07841	ddi:163	0	0	0	7	14	1
id:DB07931	ddi:53	0	0	0	4	8	1
id:DB07954	ddi:125	0	0	0	8	16	1
id:DB07996	ddi:35	0	0	0	2	4	1
id:DB08059	ddi:308	0	0	0	4	8	1
id:DB08162	ddi:138	5	0	0	4	8	1
id:DB08167	ddi:44	0	0	0	2	4	1
id:DB08329	ddi:270	5	0	0	1	2	1
id:DB08399	ddi:10	0	0	0	3	6	1
id:DB08437	ddi:302	0	0	0	13	26	1
id:DB08502	ddi:87	0	0	4	1	2	1
id:DB08621	ddi:1	10	0	0	1	2	1
id:DB08795	ddi:72	5	0	0	5	10	1
id:DB08798	ddi:93	10	0	1	1	2	1
id:DB08799	ddi:154	10	1	0	1	2	1
id:DB08800	ddi:11	15	1	0	1	2	1
id:DB08801	ddi:321	10	1	0	2	4	1
id:DB08802	ddi:11	10	1	0	1	2	1
id:DB08803	ddi:1	5	0	0	0	0	1
id:DB08804	ddi:58	0	0	9	6	12	1
id:DB08806	ddi:47	5	1	0	1	2	1
id:DB08807	ddi:343	10	1	1	5	10	1
id:DB08810	ddi:323	5	0	0	3	6	1
id:DB08811	ddi:220	5	0	1	4	8	1
id:DB08814	ddi:197	5	0	0	4	8	1
id:DB08819	ddi:5	5	0	1	1	2	1
id:DB08820	ddi:209	15	0	2	1	2	1
id:DB08822	ddi:187	10	0	3	1	2	1
id:DB08824	ddi:252	5	0	0	0	0	1
id:DB08826	ddi:267	5	0	1	0	0	1
id:DB08827	ddi:255	5	0	1	1	2	1
id:DB08828	ddi:180	5	0	4	1	2	1
id:DB08833	ddi:88	0	7	1	0	0	1
id:DB08834	ddi:54	0	0	7	0	0	1
id:DB08836	ddi:256	5	2	0	1	2	1
id:DB08837	ddi:2	0	0	0	4	8	1
id:DB08838	ddi:332	0	0	1	7	14	1
id:DB08839	ddi:223	0	0	0	5	10	1
id:DB08840	ddi:264	5	0	1	0	0	1
id:DB08846	ddi:101	0	0	2	17	34	1
id:DB08860	ddi:295	5	0	4	2	4	1
id:DB08864	ddi:425	20	0	7	2	4	1
id:DB08867	ddi:192	10	0	2	3	6	1
id:DB08868	ddi:161	5	0	3	5	10	1
id:DB08869	ddi:2	5	0	0	1	2	1
id:DB08871	ddi:268	5	0	0	2	4	1
id:DB08873	ddi:346	5	0	2	1	2	1
id:DB08874	ddi:1	5	0	1	1	2	1
id:DB08875	ddi:173	5	0	3	3	6	1
id:DB08880	ddi:318	5	0	2	1	2	1
id:DB08884	ddi:72	5	0	0	0	0	1
id:DB08889	ddi:239	5	0	0	6	12	1
id:DB08890	ddi:120	5	0	0	1	2	1
id:DB08892	ddi:214	0	0	0	2	4	1
id:DB08895	ddi:252	5	0	2	4	8	1
id:DB08896	ddi:364	5	0	7	18	36	1
id:DB08903	ddi:172	5	0	1	1	2	1
id:DB08905	ddi:348	5	0	1	0	0	1
id:DB08908	ddi:98	5	0	0	2	4	1
id:DB08909	ddi:406	5	0	3	0	0	1
id:DB08911	ddi:298	5	0	2	2	4	1
id:DB08916	ddi:185	5	0	0	3	6	1
id:DB08922	ddi:408	0	0	4	6	12	1
id:DB08925	ddi:151	5	0	0	0	0	1
id:DB08930	ddi:244	25	0	4	1	2	1
id:DB08931	ddi:395	5	0	4	1	2	1
id:DB08933	ddi:37	5	0	2	1	2	1
id:DB08934	ddi:380	20	0	5	1	2	1
id:DB08936	ddi:153	5	1	0	1	2	1
id:DB08938	ddi:169	10	0	0	0	0	1
id:DB08941	ddi:210	5	0	0	0	0	1
id:DB08949	ddi:1	5	0	2	2	4	1
id:DB08950	ddi:171	5	0	0	1	2	1
id:DB08957	ddi:176	10	0	0	0	0	1
id:DB08962	ddi:306	5	0	1	0	0	1
id:DB08967	ddi:8	5	0	0	0	0	1
id:DB08970	ddi:380	15	0	2	0	0	1
id:DB08971	ddi:380	35	0	2	0	0	1
id:DB08972	ddi:311	5	0	1	0	0	1
id:DB08980	ddi:315	5	0	1	0	0	1
id:DB08983	ddi:72	5	0	0	0	0	1
id:DB08985	ddi:177	10	0	0	0	0	1
id:DB08986	ddi:211	5	0	0	0	0	1
id:DB08993	ddi:1	5	0	0	0	0	1
id:DB08994	ddi:196	5	0	0	0	0	1
id:DB08995	ddi:187	10	0	4	1	2	1
id:DB08997	ddi:321	5	0	0	0	0	1
id:DB08999	ddi:59	5	0	0	0	0	1
id:DB09000	ddi:271	5	0	0	0	0	1
id:DB09001	ddi:410	5	0	0	0	0	1
id:DB09007	ddi:322	15	1	0	0	0	1
id:DB09008	ddi:327	5	0	0	0	0	1
id:DB09009	ddi:253	10	0	0	0	0	1
id:DB09011	ddi:270	5	0	0	0	0	1
id:DB09013	ddi:3	5	0	1	2	4	1
id:DB09014	ddi:212	5	0	0	3	6	1
id:DB09015	ddi:285	5	0	0	0	0	1
id:DB09017	ddi:269	5	0	1	2	4	1
id:DB09018	ddi:8	5	0	0	1	2	1
id:DB09020	ddi:135	15	0	0	2	4	1
id:DB09021	ddi:211	5	0	0	0	0	1
id:DB09022	ddi:170	5	0	0	0	0	1
id:DB09026	ddi:215	25	0	1	1	2	1
id:DB09027	ddi:394	5	0	0	1	2	1
id:DB09030	ddi:410	5	0	2	1	2	1
id:DB09038	ddi:257	15	0	4	1	2	1
id:DB09039	ddi:351	5	0	2	1	2	1
id:DB09048	ddi:471	0	0	4	1	2	1
id:DB09049	ddi:234	5	0	3	1	2	1
id:DB09050	ddi:260	0	0	0	5	10	1
id:DB09053	ddi:358	5	0	3	1	2	1
id:DB09054	ddi:364	5	0	9	1	2	1
id:DB09055	ddi:56	5	0	0	0	0	1
id:DB09059	ddi:14	5	0	0	4	8	1
id:DB09060	ddi:57	0	0	0	10	20	1
id:DB09062	ddi:259	5	0	0	0	0	1
id:DB09063	ddi:454	5	0	2	1	2	1
id:DB09064	ddi:72	5	0	0	1	2	1
id:DB09065	ddi:419	30	0	5	0	0	1
id:DB09070	ddi:49	5	0	4	1	2	1
id:DB09072	ddi:212	10	0	2	0	0	1
id:DB09073	ddi:401	5	0	2	2	4	1
id:DB09074	ddi:357	5	0	3	3	6	1
id:DB09078	ddi:371	5	0	8	10	20	1
id:DB09079	ddi:291	5	0	5	12	24	1
id:DB09081	ddi:241	5	0	0	0	0	1
id:DB09083	ddi:187	15	0	1	1	2	1
id:DB09085	ddi:226	25	0	0	3	6	1
id:DB09090	ddi:315	5	0	1	1	2	1
id:DB09092	ddi:1	5	0	0	6	12	1
id:DB09093	ddi:2	25	0	0	0	0	1
id:DB09096	ddi:1	10	0	1	5	10	1
id:DB09097	ddi:32	5	0	0	2	4	1
id:DB09099	ddi:76	5	0	1	5	10	1
id:DB09101	ddi:340	15	0	2	1	2	1
id:DB09102	ddi:223	10	0	4	1	2	1
id:DB09112	ddi:86	5	0	0	3	6	1
id:DB09116	ddi:4	5	0	1	1	2	1
id:DB09117	ddi:273	5	0	1	0	0	1
id:DB09119	ddi:373	0	0	3	1	2	1
id:DB09120	ddi:0	5	0	4	1	2	1
id:DB09121	ddi:242	5	0	0	3	6	1
id:DB09124	ddi:66	10	0	1	1	2	1
id:DB09130	ddi:9	0	0	10	147	294	1
id:DB09132	ddi:242	5	0	0	0	0	1
id:DB09133	ddi:242	5	0	0	0	0	1
id:DB09134	ddi:242	5	0	0	0	0	1
id:DB09135	ddi:242	5	0	0	0	0	1
id:DB09137	ddi:311	5	0	0	0	0	1
id:DB09139	ddi:282	5	0	0	0	0	1
id:DB09142	ddi:36	5	0	0	0	0	1
id:DB09143	ddi:166	5	0	1	1	2	1
id:DB09146	ddi:72	10	0	0	0	0	1
id:DB09147	ddi:76	0	0	0	3	6	1
id:DB09148	ddi:242	5	0	2	1	2	1
id:DB09149	ddi:242	5	0	0	1	2	1
id:DB09153	ddi:0	15	0	0	0	0	1
id:DB09154	ddi:244	5	0	0	0	0	1
id:DB09156	ddi:242	5	0	0	0	0	1
id:DB09161	ddi:114	5	0	0	0	0	1
id:DB09165	ddi:242	5	0	0	0	0	1
id:DB09166	ddi:319	5	0	3	3	6	1
id:DB09173	ddi:109	0	0	2	3	6	1
id:DB09183	ddi:311	10	0	4	1	2	1
id:DB09195	ddi:406	0	0	2	6	12	1
id:DB09198	ddi:367	0	0	5	1	2	1
id:DB09201	ddi:266	0	0	2	1	2	1
id:DB09202	ddi:154	0	0	0	4	8	1
id:DB09203	ddi:177	15	0	0	1	2	1
id:DB09205	ddi:380	10	0	2	1	2	1
id:DB09206	ddi:169	5	0	0	0	0	1
id:DB09207	ddi:8	0	0	0	3	6	1
id:DB09209	ddi:242	5	0	0	3	6	1
id:DB09210	ddi:245	5	0	0	0	0	1
id:DB09211	ddi:35	0	0	0	4	8	1
id:DB09219	ddi:348	5	0	0	0	0	1
id:DB09221	ddi:42	0	0	7	8	16	1
id:DB09225	ddi:371	5	0	2	7	14	1
id:DB09229	ddi:315	0	0	1	5	10	1
id:DB09232	ddi:252	5	0	1	2	4	1
id:DB09242	ddi:197	10	0	0	2	4	1
id:DB09247	ddi:210	5	0	0	0	0	1
id:DB09265	ddi:401	10	0	0	1	2	1
id:DB09267	ddi:38	10	0	0	0	0	1
id:DB09270	ddi:89	5	0	1	2	4	1
id:DB09271	ddi:46	5	0	0	0	0	1
id:DB09272	ddi:302	5	0	0	3	6	1
id:DB09274	ddi:20	25	0	3	1	2	1
id:DB09275	ddi:43	10	0	0	1	2	1
id:DB09276	ddi:298	5	0	1	0	0	1
id:DB09278	ddi:2	10	0	0	0	0	1
id:DB09279	ddi:217	20	0	0	1	2	1
id:DB09280	ddi:385	5	0	5	1	2	1
id:DB09282	ddi:65	5	0	2	1	2	1
id:DB09283	ddi:102	5	0	0	2	4	1
id:DB09284	ddi:1	5	0	0	0	0	1
id:DB09286	ddi:325	5	0	0	8	16	1
id:DB09291	ddi:200	5	0	2	1	2	1
id:DB09292	ddi:359	5	0	0	1	2	1
id:DB09293	ddi:6	10	0	0	0	0	1
id:DB09296	ddi:228	10	0	2	1	2	1
id:DB09297	ddi:286	10	0	3	1	2	1
id:DB09298	ddi:157	5	0	1	0	0	1
id:DB09299	ddi:515	30	0	7	3	6	1
id:DB09300	ddi:320	10	0	0	2	4	1
id:DB09304	ddi:1	0	0	0	2	4	1
id:DB09308	ddi:106	5	0	1	0	0	1
id:DB09319	ddi:72	10	0	0	1	2	1
id:DB09320	ddi:295	10	0	0	0	0	1
id:DB09321	ddi:40	5	0	0	0	0	1
id:DB09322	ddi:40	10	0	0	0	0	1
id:DB09324	ddi:238	5	0	0	1	2	1
id:DB09325	ddi:237	15	0	5	0	0	1
id:DB09327	ddi:26	0	0	2	2	4	1
id:DB09330	ddi:343	5	0	2	1	2	1
id:DB09338	ddi:287	5	0	2	3	6	1
id:DB09345	ddi:210	10	0	0	1	2	1
id:DB09357	ddi:237	15	0	0	0	0	1
id:DB09371	ddi:195	5	0	1	3	6	1
id:DB09383	ddi:406	5	0	2	0	0	1
id:DB09389	ddi:195	15	0	2	3	6	1
id:DB09395	ddi:240	5	0	1	0	0	1
id:DB09407	ddi:320	10	0	0	0	0	1
id:DB09418	ddi:397	5	0	0	1	2	1
id:DB09421	ddi:80	5	0	0	1	2	1
id:DB09449	ddi:204	15	0	0	0	0	1
id:DB09462	ddi:127	10	0	2	14	28	1
id:DB09472	ddi:349	10	0	0	2	4	1
id:DB09480	ddi:290	5	0	0	0	0	1
id:DB09483	ddi:80	5	0	0	0	0	1
id:DB09484	ddi:122	10	0	0	0	0	1
id:DB09488	ddi:389	5	1	0	1	2	1
id:DB09496	ddi:241	5	0	0	0	0	1
id:DB09501	ddi:72	5	0	0	0	0	1
id:DB09502	ddi:242	5	0	1	0	0	1
id:DB09517	ddi:21	0	0	0	3	6	1
id:DB09555	ddi:303	0	0	2	1	2	1
id:DB09570	ddi:398	5	0	7	0	0	1
id:DB11068	ddi:1	5	0	0	0	0	1
id:DB11079	ddi:57	0	0	0	2	4	1
id:DB11081	ddi:14	5	0	0	1	2	1
id:DB11085	ddi:252	10	0	0	1	2	1
id:DB11091	ddi:15	20	0	3	0	0	1
id:DB11093	ddi:91	10	0	0	33	66	1
id:DB11098	ddi:282	5	0	0	0	0	1
id:DB11110	ddi:202	15	0	0	0	0	1
id:DB11121	ddi:242	5	0	0	0	0	1
id:DB11126	ddi:106	10	0	0	0	0	1
id:DB11127	ddi:236	5	0	2	0	0	1
id:DB11145	ddi:242	20	0	0	0	0	1
id:DB11148	ddi:1	0	0	1	4	8	1
id:DB11181	ddi:73	5	0	1	5	10	1
id:DB11201	ddi:190	0	0	0	2	4	1
id:DB11235	ddi:321	15	1	0	6	12	1
id:DB11248	ddi:40	10	0	0	0	0	1
id:DB11273	ddi:328	0	0	1	3	6	1
id:DB11274	ddi:34	0	0	1	3	6	1
id:DB11278	ddi:390	0	0	0	4	8	1
id:DB11282	ddi:1	5	0	0	0	0	1
id:DB11315	ddi:320	15	0	0	0	0	1
id:DB11323	ddi:190	0	0	0	2	4	1
id:DB11342	ddi:14	5	0	0	0	0	1
id:DB11348	ddi:99	10	0	0	33	66	1
id:DB11362	ddi:365	5	0	3	1	2	1
id:DB11363	ddi:219	5	0	0	1	2	1
id:DB11364	ddi:242	5	0	0	0	0	1
id:DB11365	ddi:118	10	0	0	2	4	1
id:DB11366	ddi:9	5	0	0	0	0	1
id:DB11367	ddi:268	5	0	1	1	2	1
id:DB11371	ddi:212	5	0	0	0	0	1
id:DB11387	ddi:9	5	0	0	0	0	1
id:DB11397	ddi:229	0	0	0	2	4	1
id:DB11442	ddi:106	10	0	1	0	0	1
id:DB11473	ddi:90	5	0	0	0	0	1
id:DB11478	ddi:50	0	0	0	2	4	1
id:DB11490	ddi:23	5	0	0	0	0	1
id:DB11512	ddi:302	5	0	0	0	0	1
id:DB11560	ddi:416	5	0	2	2	4	1
id:DB11573	ddi:11	10	0	0	0	0	1
id:DB11574	ddi:221	10	0	4	1	2	1
id:DB11575	ddi:198	10	0	1	1	2	1
id:DB11576	ddi:61	5	0	0	0	0	1
id:DB11577	ddi:242	5	0	0	2	4	1
id:DB11581	ddi:458	5	0	1	1	2	1
id:DB11582	ddi:214	10	0	0	3	6	1
id:DB11586	ddi:418	10	0	7	1	2	1
id:DB11590	ddi:1	5	0	3	3	6	1
id:DB11591	ddi:154	5	1	0	1	2	1
id:DB11596	ddi:10	10	0	0	1	2	1
id:DB11609	ddi:271	5	0	0	0	0	1
id:DB11613	ddi:271	10	0	3	1	2	1
id:DB11614	ddi:324	5	1	4	2	4	1
id:DB11616	ddi:98	5	0	0	0	0	1
id:DB11619	ddi:195	5	0	1	6	12	1
id:DB11630	ddi:2	5	0	0	0	0	1
id:DB11632	ddi:100	5	0	5	1	2	1
id:DB11636	ddi:175	15	0	1	0	0	1
id:DB11637	ddi:173	5	0	2	0	0	1
id:DB11638	ddi:109	10	0	4	191	382	1
id:DB11640	ddi:191	5	0	2	1	2	1
id:DB11641	ddi:247	5	0	1	1	2	1
id:DB11644	ddi:110	5	0	0	1	2	1
id:DB11652	ddi:440	0	0	3	2	4	1
id:DB11653	ddi:1	0	0	0	5	10	1
id:DB11660	ddi:5	5	0	0	1	2	1
id:DB11672	ddi:407	0	0	8	5	10	1
id:DB11674	ddi:50	0	0	0	2	4	1
id:DB11675	ddi:223	5	0	0	0	0	1
id:DB11689	ddi:400	0	0	9	2	4	1
id:DB11691	ddi:268	5	0	2	3	6	1
id:DB11693	ddi:232	5	0	1	3	6	1
id:DB11698	ddi:169	5	0	0	0	0	1
id:DB11703	ddi:249	5	0	3	1	2	1
id:DB11712	ddi:193	5	0	2	1	2	1
id:DB11718	ddi:248	5	0	3	2	4	1
id:DB11730	ddi:469	5	0	1	2	4	1
id:DB11737	ddi:126	5	0	3	1	2	1
id:DB11738	ddi:195	5	0	0	1	2	1
id:DB11739	ddi:44	15	0	0	0	0	1
id:DB11742	ddi:320	5	1	2	0	0	1
id:DB11750	ddi:38	10	0	2	0	0	1
id:DB11751	ddi:78	0	0	2	1	2	1
id:DB11752	ddi:106	0	0	1	9	18	1
id:DB11753	ddi:456	25	0	7	3	6	1
id:DB11755	ddi:317	0	0	0	7	14	1
id:DB11757	ddi:456	0	0	10	2	4	1
id:DB11760	ddi:148	5	0	0	2	4	1
id:DB11774	ddi:311	5	0	1	0	0	1
id:DB11783	ddi:194	5	0	0	0	0	1
id:DB11791	ddi:264	0	0	3	1	2	1
id:DB11796	ddi:323	0	0	2	1	2	1
id:DB11799	ddi:60	5	0	4	2	4	1
id:DB11800	ddi:212	5	0	1	11	22	1
id:DB11828	ddi:241	5	0	2	1	2	1
id:DB11830	ddi:143	0	0	0	3	6	1
id:DB11837	ddi:273	5	0	11	2	4	1
id:DB11841	ddi:144	5	0	0	0	0	1
id:DB11842	ddi:3	5	0	0	1	2	1
id:DB11853	ddi:308	0	0	3	1	2	1
id:DB11886	ddi:224	0	0	2	4	8	1
id:DB11892	ddi:271	5	0	1	0	0	1
id:DB11915	ddi:431	5	0	3	1	2	1
id:DB11921	ddi:365	5	0	2	1	2	1
id:DB11935	ddi:259	5	0	0	0	0	1
id:DB11936	ddi:75	5	0	3	1	2	1
id:DB11942	ddi:61	5	0	1	1	2	1
id:DB11952	ddi:274	0	0	1	2	4	1
id:DB11963	ddi:444	5	0	4	1	2	1
id:DB11967	ddi:216	5	0	3	5	10	1
id:DB11973	ddi:10	0	0	0	3	6	1
id:DB11978	ddi:355	5	0	3	1	2	1
id:DB11979	ddi:292	5	0	3	1	2	1
id:DB11986	ddi:354	5	0	1	6	12	1
id:DB11989	ddi:242	5	0	0	0	0	1
id:DB11994	ddi:167	5	0	0	2	4	1
id:DB11995	ddi:253	5	0	2	3	6	1
id:DB12001	ddi:293	5	0	6	2	4	1
id:DB12007	ddi:242	0	0	0	2	4	1
id:DB12010	ddi:275	5	0	2	300	600	1
id:DB12015	ddi:334	5	0	4	1	2	1
id:DB12016	ddi:350	0	0	7	1	2	1
id:DB12020	ddi:21	5	0	2	1	2	1
id:DB12026	ddi:335	5	0	3	1	2	1
id:DB12035	ddi:180	10	0	0	0	0	1
id:DB12070	ddi:366	5	0	11	3	6	1
id:DB12081	ddi:9	5	0	0	0	0	1
id:DB12086	ddi:320	5	0	0	0	0	1
id:DB12107	ddi:241	5	0	0	9	18	1
id:DB12123	ddi:1	5	0	0	0	0	1
id:DB12127	ddi:72	10	0	0	0	0	1
id:DB12130	ddi:195	5	0	7	1	2	1
id:DB12141	ddi:437	5	0	1	4	8	1
id:DB12147	ddi:327	0	0	2	10	20	1
id:DB12151	ddi:73	0	0	8	1	2	1
id:DB12163	ddi:312	0	0	0	2	4	1
id:DB12177	ddi:211	0	0	0	2	4	1
id:DB12184	ddi:224	5	0	0	0	0	1
id:DB12216	ddi:8	5	0	0	0	0	1
id:DB12221	ddi:285	5	0	0	0	0	1
id:DB12243	ddi:84	5	0	0	0	0	1
id:DB12245	ddi:442	5	0	10	1	2	1
id:DB12248	ddi:152	10	0	0	1	2	1
id:DB12265	ddi:504	5	0	7	0	0	1
id:DB12267	ddi:298	5	0	3	9	18	1
id:DB12301	ddi:114	10	0	2	1	2	1
id:DB12307	ddi:10	0	0	1	2	4	1
id:DB12313	ddi:176	5	0	0	0	0	1
id:DB12319	ddi:138	5	0	1	2	4	1
id:DB12329	ddi:109	10	0	2	1	2	1
id:DB12332	ddi:505	5	0	10	3	6	1
id:DB12338	ddi:270	5	0	0	0	0	1
id:DB12339	ddi:1	0	0	0	2	4	1
id:DB12343	ddi:72	10	0	0	0	0	1
id:DB12364	ddi:297	5	0	0	1	2	1
id:DB12377	ddi:76	0	0	0	5	10	1
id:DB12399	ddi:199	5	0	0	0	0	1
id:DB12401	ddi:233	5	0	0	0	0	1
id:DB12404	ddi:235	5	0	1	2	4	1
id:DB12412	ddi:189	15	0	0	0	0	1
id:DB12455	ddi:209	10	0	0	5	10	1
id:DB12457	ddi:217	0	0	2	1	2	1
id:DB12466	ddi:177	5	0	4	1	2	1
id:DB12471	ddi:41	0	0	4	2	4	1
id:DB12474	ddi:290	30	0	3	0	0	1
id:DB12478	ddi:28	5	0	0	2	4	1
id:DB12483	ddi:299	5	0	4	2	4	1
id:DB12487	ddi:28	5	0	0	0	0	1
id:DB12492	ddi:271	5	0	0	0	0	1
id:DB12500	ddi:296	5	0	4	3	6	1
id:DB12523	ddi:154	5	1	1	0	0	1
id:DB12532	ddi:9	5	0	1	1	2	1
id:DB12537	ddi:266	0	0	1	2	4	1
id:DB12543	ddi:57	0	0	4	3	6	1
id:DB12554	ddi:372	5	0	0	0	0	1
id:DB12597	ddi:244	0	0	6	1	2	1
id:DB12598	ddi:228	0	0	0	6	12	1
id:DB12604	ddi:302	5	0	0	0	0	1
id:DB12612	ddi:221	5	0	8	2	4	1
id:DB12615	ddi:314	5	0	0	2	4	1
id:DB12625	ddi:189	10	0	0	0	0	1
id:DB12667	ddi:1	5	0	0	0	0	1
id:DB12692	ddi:98	5	0	0	0	0	1
id:DB12708	ddi:1	5	0	0	0	0	1
id:DB12710	ddi:272	5	0	0	0	0	1
id:DB12713	ddi:169	5	0	0	0	0	1
id:DB12770	ddi:47	5	1	0	0	0	1
id:DB12789	ddi:5	5	0	0	1	2	1
id:DB12825	ddi:375	5	0	1	1	2	1
id:DB12829	ddi:1	10	0	0	0	0	1
id:DB12831	ddi:196	0	0	3	3	6	1
id:DB12839	ddi:2	5	0	0	0	0	1
id:DB12846	ddi:153	15	0	0	0	0	1
id:DB12867	ddi:237	5	0	0	0	0	1
id:DB12877	ddi:154	5	1	0	0	0	1
id:DB12887	ddi:281	0	0	2	2	4	1
id:DB12902	ddi:98	5	0	0	0	0	1
id:DB12923	ddi:315	5	0	1	0	0	1
id:DB12926	ddi:208	5	0	0	0	0	1
id:DB12927	ddi:342	5	0	0	0	0	1
id:DB12941	ddi:225	5	0	2	2	4	1
id:DB12942	ddi:124	5	0	0	0	0	1
id:DB12945	ddi:256	15	0	1	0	0	1
id:DB12951	ddi:210	5	0	0	0	0	1
id:DB12958	ddi:233	5	0	0	0	0	1
id:DB12975	ddi:12	5	0	0	0	0	1
id:DB12978	ddi:260	0	0	5	4	8	1
id:DB13003	ddi:393	5	0	2	1	2	1
id:DB13014	ddi:307	0	0	0	2	4	1
id:DB13026	ddi:3	30	0	0	0	0	1
id:DB13028	ddi:1	5	0	0	0	0	1
id:DB13064	ddi:174	5	0	0	0	0	1
id:DB13074	ddi:222	5	0	1	1	2	1
id:DB13092	ddi:1	5	0	1	1	2	1
id:DB13099	ddi:212	5	0	0	0	0	1
id:DB13124	ddi:196	10	0	0	0	0	1
id:DB13125	ddi:144	5	0	1	1	2	1
id:DB13132	ddi:60	5	0	1	0	0	1
id:DB13142	ddi:54	5	0	0	0	0	1
id:DB13143	ddi:50	10	0	0	0	0	1
id:DB13156	ddi:242	5	0	0	0	0	1
id:DB13158	ddi:37	15	0	1	1	2	1
id:DB13166	ddi:192	10	0	0	1	2	1
id:DB13169	ddi:54	10	0	0	0	0	1
id:DB13170	ddi:120	5	0	0	1	2	1
id:DB13174	ddi:167	0	0	5	2	4	1
id:DB13178	ddi:235	5	6	0	0	0	1
id:DB13179	ddi:350	5	0	5	3	6	1
id:DB13185	ddi:242	5	0	0	0	0	1
id:DB13191	ddi:242	5	0	0	6	12	1
id:DB13203	ddi:208	5	0	1	0	0	1
