id:DB00006	ddi:298	5	0	0	0	0	1
id:DB00007	ddi:725	10	0	0	0	0	1
id:DB00014	ddi:673	5	0	0	0	0	1
id:DB00027	ddi:5	5	0	0	0	0	1
id:DB00035	ddi:659	5	0	0	0	0	1
id:DB00080	ddi:599	5	0	0	0	0	1
id:DB00104	ddi:425	5	0	0	0	0	1
id:DB00115	ddi:501	15	0	0	0	0	1
id:DB00118	ddi:24	5	0	0	0	0	1
id:DB00126	ddi:26	20	0	0	0	0	1
id:DB00130	ddi:1	5	0	0	0	0	1
id:DB00134	ddi:1	5	0	0	0	0	1
id:DB00136	ddi:226	10	0	0	0	0	1
id:DB00140	ddi:31	10	0	0	0	0	1
id:DB00142	ddi:8	5	0	0	0	0	1
id:DB00145	ddi:4	5	0	0	0	0	1
id:DB00146	ddi:67	5	0	0	0	0	1
id:DB00150	ddi:397	5	0	0	0	0	1
id:DB00152	ddi:46	5	0	0	0	0	1
id:DB00153	ddi:64	5	0	0	0	0	1
id:DB00158	ddi:507	25	0	0	0	0	1
id:DB00162	ddi:34	25	0	0	0	0	1
id:DB00165	ddi:449	10	0	0	0	0	1
id:DB00166	ddi:55	5	0	0	0	0	1
id:DB00169	ddi:280	45	0	0	0	0	1
id:DB00170	ddi:9	5	0	0	0	0	1
id:DB00175	ddi:358	15	0	0	0	0	1
id:DB00177	ddi:611	45	0	0	0	0	1
id:DB00178	ddi:423	40	0	0	0	0	1
id:DB00180	ddi:472	10	0	0	0	0	1
id:DB00181	ddi:898	5	0	0	0	0	1
id:DB00182	ddi:939	5	0	0	0	0	1
id:DB00183	ddi:1	5	0	0	0	0	1
id:DB00184	ddi:409	5	0	0	0	0	1
id:DB00185	ddi:688	5	0	0	0	0	1
id:DB00186	ddi:833	10	0	0	0	0	1
id:DB00187	ddi:750	5	0	0	0	0	1
id:DB00188	ddi:788	5	0	0	0	0	1
id:DB00189	ddi:382	5	0	0	0	0	1
id:DB00191	ddi:603	5	0	0	0	0	1
id:DB00193	ddi:1048	15	0	0	0	0	1
id:DB00194	ddi:1	10	0	0	0	0	1
id:DB00195	ddi:749	15	0	0	0	0	1
id:DB00196	ddi:976	15	0	0	0	0	1
id:DB00197	ddi:644	5	0	0	0	0	1
id:DB00198	ddi:478	5	0	0	0	0	1
id:DB00199	ddi:690	20	0	0	0	0	1
id:DB00200	ddi:448	15	0	0	0	0	1
id:DB00201	ddi:355	15	0	0	0	0	1
id:DB00202	ddi:627	5	0	0	0	0	1
id:DB00203	ddi:711	10	0	0	0	0	1
id:DB00204	ddi:481	5	0	0	0	0	1
id:DB00205	ddi:125	15	0	0	0	0	1
id:DB00206	ddi:1048	25	0	0	0	0	1
id:DB00207	ddi:469	15	0	0	0	0	1
id:DB00208	ddi:853	5	0	0	0	0	1
id:DB00209	ddi:565	10	0	0	0	0	1
id:DB00210	ddi:1	10	0	0	0	0	1
id:DB00211	ddi:422	5	0	0	0	0	1
id:DB00212	ddi:362	5	0	0	0	0	1
id:DB00213	ddi:652	15	0	0	0	0	1
id:DB00214	ddi:900	10	0	0	0	0	1
id:DB00215	ddi:876	5	0	0	0	0	1
id:DB00216	ddi:804	5	0	0	0	0	1
id:DB00217	ddi:422	5	0	0	0	0	1
id:DB00218	ddi:482	10	0	0	0	0	1
id:DB00219	ddi:485	10	0	0	0	0	1
id:DB00220	ddi:716	5	0	0	0	0	1
id:DB00222	ddi:549	15	0	0	0	0	1
id:DB00223	ddi:61	5	0	0	0	0	1
id:DB00224	ddi:614	5	0	0	0	0	1
id:DB00225	ddi:449	5	0	0	0	0	1
id:DB00227	ddi:695	10	0	0	0	0	1
id:DB00228	ddi:443	5	0	0	0	0	1
id:DB00229	ddi:508	5	0	0	0	0	1
id:DB00230	ddi:974	5	0	0	0	0	1
id:DB00231	ddi:772	5	0	0	0	0	1
id:DB00232	ddi:819	10	0	0	0	0	1
id:DB00233	ddi:208	15	0	0	0	0	1
id:DB00234	ddi:519	5	0	0	0	0	1
id:DB00235	ddi:452	5	0	0	0	0	1
id:DB00237	ddi:888	5	0	0	0	0	1
id:DB00238	ddi:552	15	0	0	0	0	1
id:DB00239	ddi:2	15	0	0	0	0	1
id:DB00240	ddi:62	10	0	0	0	0	1
id:DB00241	ddi:696	5	0	0	0	0	1
id:DB00242	ddi:297	10	0	0	0	0	1
id:DB00243	ddi:920	5	0	0	0	0	1
id:DB00244	ddi:795	5	0	0	0	0	1
id:DB00245	ddi:1016	5	0	0	0	0	1
id:DB00247	ddi:797	5	0	0	0	0	1
id:DB00248	ddi:834	10	0	0	0	0	1
id:DB00250	ddi:427	10	0	0	0	0	1
id:DB00252	ddi:1002	10	0	0	0	0	1
id:DB00253	ddi:63	5	0	0	0	0	1
id:DB00254	ddi:684	15	0	0	0	0	1
id:DB00255	ddi:555	20	0	0	0	0	1
id:DB00256	ddi:141	10	0	0	0	0	1
id:DB00257	ddi:8	20	0	0	0	0	1
id:DB00258	ddi:159	15	0	0	0	0	1
id:DB00259	ddi:4	15	0	0	0	0	1
id:DB00260	ddi:69	5	0	0	0	0	1
id:DB00261	ddi:615	5	0	0	0	0	1
id:DB00262	ddi:684	5	0	0	0	0	1
id:DB00263	ddi:561	15	0	0	0	0	1
id:DB00264	ddi:919	40	0	0	0	0	1
id:DB00266	ddi:726	5	0	0	0	0	1
id:DB00267	ddi:450	5	0	0	0	0	1
id:DB00268	ddi:557	5	0	0	0	0	1
id:DB00269	ddi:80	5	0	0	0	0	1
id:DB00271	ddi:449	5	0	0	0	0	1
id:DB00273	ddi:877	5	0	0	0	0	1
id:DB00274	ddi:449	5	0	0	0	0	1
id:DB00275	ddi:460	20	0	0	0	0	1
id:DB00276	ddi:194	5	0	0	0	0	1
id:DB00277	ddi:640	25	0	0	0	0	1
id:DB00278	ddi:298	5	0	0	0	0	1
id:DB00279	ddi:689	10	0	0	0	0	1
id:DB00281	ddi:722	40	0	0	0	0	1
id:DB00282	ddi:505	5	0	0	0	0	1
id:DB00283	ddi:606	15	0	0	0	0	1
id:DB00284	ddi:302	10	0	0	0	0	1
id:DB00287	ddi:163	5	0	0	0	0	1
id:DB00288	ddi:62	5	0	0	0	0	1
id:DB00289	ddi:906	5	0	0	0	0	1
id:DB00290	ddi:558	5	0	0	0	0	1
id:DB00291	ddi:249	5	0	0	0	0	1
id:DB00292	ddi:875	5	0	0	0	0	1
id:DB00293	ddi:190	5	0	0	0	0	1
id:DB00294	ddi:657	5	0	0	0	0	1
id:DB00295	ddi:754	20	0	0	0	0	1
id:DB00296	ddi:952	5	0	0	0	0	1
id:DB00297	ddi:665	10	0	0	0	0	1
id:DB00298	ddi:5	5	0	0	0	0	1
id:DB00299	ddi:166	10	0	0	0	0	1
id:DB00300	ddi:588	45	0	0	0	0	1
id:DB00301	ddi:236	10	0	0	0	0	1
id:DB00302	ddi:27	5	0	0	0	0	1
id:DB00303	ddi:455	5	0	0	0	0	1
id:DB00304	ddi:452	20	0	0	0	0	1
id:DB00305	ddi:195	5	0	0	0	0	1
id:DB00306	ddi:438	5	0	0	0	0	1
id:DB00307	ddi:485	5	0	0	0	0	1
id:DB00308	ddi:677	5	0	0	0	0	1
id:DB00309	ddi:380	5	0	0	0	0	1
id:DB00310	ddi:787	20	0	0	0	0	1
id:DB00313	ddi:948	5	0	0	0	0	1
id:DB00314	ddi:512	5	0	0	0	0	1
id:DB00315	ddi:702	5	0	0	0	0	1
id:DB00316	ddi:819	35	0	0	0	0	1
id:DB00317	ddi:431	5	0	0	0	0	1
id:DB00318	ddi:636	30	0	0	0	0	1
id:DB00319	ddi:542	10	0	0	0	0	1
id:DB00320	ddi:830	10	0	0	0	0	1
id:DB00322	ddi:659	5	0	0	0	0	1
id:DB00323	ddi:846	5	0	0	0	0	1
id:DB00324	ddi:354	45	0	0	0	0	1
id:DB00325	ddi:737	5	0	0	0	0	1
id:DB00326	ddi:125	5	0	0	0	0	1
id:DB00327	ddi:884	15	0	0	0	0	1
id:DB00328	ddi:999	30	0	0	0	0	1
id:DB00330	ddi:765	20	0	0	0	0	1
id:DB00331	ddi:702	90	0	0	0	0	1
id:DB00332	ddi:482	20	0	0	0	0	1
id:DB00334	ddi:942	5	0	0	0	0	1
id:DB00335	ddi:707	30	0	0	0	0	1
id:DB00337	ddi:139	5	0	0	0	0	1
id:DB00338	ddi:589	15	0	0	0	0	1
id:DB00339	ddi:453	15	0	0	0	0	1
id:DB00340	ddi:486	5	0	0	0	0	1
id:DB00341	ddi:897	5	0	0	0	0	1
id:DB00342	ddi:924	5	0	0	0	0	1
id:DB00343	ddi:956	10	0	0	0	0	1
id:DB00344	ddi:800	5	0	0	0	0	1
id:DB00345	ddi:175	5	0	0	0	0	1
id:DB00346	ddi:501	10	0	0	0	0	1
id:DB00347	ddi:927	5	0	0	0	0	1
id:DB00349	ddi:1006	5	0	0	0	0	1
id:DB00350	ddi:400	10	0	0	0	0	1
id:DB00351	ddi:676	35	0	0	0	0	1
id:DB00352	ddi:194	5	0	0	0	0	1
id:DB00353	ddi:457	10	0	0	0	0	1
id:DB00354	ddi:628	10	0	0	0	0	1
id:DB00355	ddi:454	5	0	0	0	0	1
id:DB00356	ddi:956	15	0	0	0	0	1
id:DB00357	ddi:161	5	0	0	0	0	1
id:DB00358	ddi:586	10	0	0	0	0	1
id:DB00359	ddi:823	20	0	0	0	0	1
id:DB00360	ddi:91	5	0	0	0	0	1
id:DB00361	ddi:553	5	0	0	0	0	1
id:DB00362	ddi:5	5	0	0	0	0	1
id:DB00364	ddi:509	5	0	0	0	0	1
id:DB00365	ddi:591	5	0	0	0	0	1
id:DB00366	ddi:627	10	0	0	0	0	1
id:DB00367	ddi:384	30	0	0	0	0	1
id:DB00368	ddi:524	5	0	0	0	0	1
id:DB00369	ddi:491	5	0	0	0	0	1
id:DB00370	ddi:894	5	0	0	0	0	1
id:DB00371	ddi:384	15	0	0	0	0	1
id:DB00372	ddi:825	5	0	0	0	0	1
id:DB00373	ddi:1023	25	0	0	0	0	1
id:DB00374	ddi:684	5	0	0	0	0	1
id:DB00376	ddi:486	5	0	0	0	0	1
id:DB00377	ddi:896	10	0	0	0	0	1
id:DB00378	ddi:93	15	0	0	0	0	1
id:DB00379	ddi:440	5	0	0	0	0	1
id:DB00380	ddi:573	5	0	0	0	0	1
id:DB00381	ddi:593	150	0	0	0	0	1
id:DB00382	ddi:382	5	0	0	0	0	1
id:DB00383	ddi:485	10	0	0	0	0	1
id:DB00384	ddi:743	5	0	0	0	0	1
id:DB00387	ddi:486	5	0	0	0	0	1
id:DB00388	ddi:538	45	0	0	0	0	1
id:DB00389	ddi:218	5	0	0	0	0	1
id:DB00390	ddi:920	5	0	0	0	0	1
id:DB00391	ddi:662	5	0	0	0	0	1
id:DB00392	ddi:542	5	0	0	0	0	1
id:DB00393	ddi:680	5	0	0	0	0	1
id:DB00394	ddi:585	40	0	0	0	0	1
id:DB00395	ddi:459	15	0	0	0	0	1
id:DB00396	ddi:685	10	0	0	0	0	1
id:DB00397	ddi:471	10	0	0	0	0	1
id:DB00398	ddi:1010	5	0	0	0	0	1
id:DB00399	ddi:152	10	0	0	0	0	1
id:DB00400	ddi:137	10	0	0	0	0	1
id:DB00401	ddi:893	5	0	0	0	0	1
id:DB00402	ddi:943	5	0	0	0	0	1
id:DB00404	ddi:935	5	0	0	0	0	1
id:DB00405	ddi:550	10	0	0	0	0	1
id:DB00408	ddi:516	5	0	0	0	0	1
id:DB00409	ddi:535	5	0	0	0	0	1
id:DB00410	ddi:6	10	0	0	0	0	1
id:DB00411	ddi:67	10	0	0	0	0	1
id:DB00412	ddi:870	15	0	0	0	0	1
id:DB00413	ddi:842	5	0	0	0	0	1
id:DB00414	ddi:520	5	0	0	0	0	1
id:DB00415	ddi:503	20	0	0	0	0	1
id:DB00417	ddi:79	15	0	0	0	0	1
id:DB00418	ddi:997	10	0	0	0	0	1
id:DB00420	ddi:971	5	0	0	0	0	1
id:DB00421	ddi:718	5	0	0	0	0	1
id:DB00422	ddi:420	5	0	0	0	0	1
id:DB00423	ddi:383	15	0	0	0	0	1
id:DB00424	ddi:670	10	0	0	0	0	1
id:DB00425	ddi:749	5	0	0	0	0	1
id:DB00427	ddi:550	5	0	0	0	0	1
id:DB00428	ddi:189	5	0	0	0	0	1
id:DB00429	ddi:6	5	0	0	0	0	1
id:DB00430	ddi:450	5	0	0	0	0	1
id:DB00431	ddi:2	5	0	0	0	0	1
id:DB00432	ddi:604	10	0	0	0	0	1
id:DB00433	ddi:694	5	0	0	0	0	1
id:DB00434	ddi:647	5	0	0	0	0	1
id:DB00435	ddi:605	5	0	0	0	0	1
id:DB00436	ddi:913	20	0	0	0	0	1
id:DB00437	ddi:603	10	0	0	0	0	1
id:DB00438	ddi:475	5	0	0	0	0	1
id:DB00439	ddi:594	5	0	0	0	0	1
id:DB00440	ddi:744	40	0	0	0	0	1
id:DB00441	ddi:645	5	0	0	0	0	1
id:DB00442	ddi:169	5	0	0	0	0	1
id:DB00443	ddi:654	80	0	0	0	0	1
id:DB00444	ddi:614	5	0	0	0	0	1
id:DB00445	ddi:202	5	0	0	0	0	1
id:DB00446	ddi:423	35	0	0	0	0	1
id:DB00447	ddi:450	5	0	0	0	0	1
id:DB00448	ddi:544	35	0	0	0	0	1
id:DB00449	ddi:13	5	0	0	0	0	1
id:DB00450	ddi:748	5	0	0	0	0	1
id:DB00451	ddi:362	5	0	0	0	0	1
id:DB00452	ddi:486	15	0	0	0	0	1
id:DB00453	ddi:126	5	0	0	0	0	1
id:DB00454	ddi:965	20	0	0	0	0	1
id:DB00455	ddi:280	5	0	0	0	0	1
id:DB00456	ddi:519	5	0	0	0	0	1
id:DB00457	ddi:480	10	0	0	0	0	1
id:DB00459	ddi:27	5	0	0	0	0	1
id:DB00460	ddi:17	5	0	0	0	0	1
id:DB00461	ddi:897	5	0	0	0	0	1
id:DB00463	ddi:490	5	0	0	0	0	1
id:DB00465	ddi:885	15	0	0	0	0	1
id:DB00467	ddi:484	5	0	0	0	0	1
id:DB00469	ddi:859	5	0	0	0	0	1
id:DB00470	ddi:663	5	0	0	0	0	1
id:DB00471	ddi:369	10	0	0	0	0	1
id:DB00472	ddi:953	10	0	0	0	0	1
id:DB00474	ddi:577	15	0	0	0	0	1
id:DB00475	ddi:396	5	0	0	0	0	1
id:DB00476	ddi:1044	5	0	0	0	0	1
id:DB00479	ddi:465	20	0	0	0	0	1
id:DB00480	ddi:586	5	0	0	0	0	1
id:DB00481	ddi:283	5	0	0	0	0	1
id:DB00482	ddi:1010	20	0	0	0	0	1
id:DB00484	ddi:447	10	0	0	0	0	1
id:DB00485	ddi:175	10	0	0	0	0	1
id:DB00486	ddi:688	5	0	0	0	0	1
id:DB00487	ddi:483	5	0	0	0	0	1
id:DB00488	ddi:208	5	0	0	0	0	1
id:DB00489	ddi:746	15	0	0	0	0	1
id:DB00490	ddi:1034	5	0	0	0	0	1
id:DB00491	ddi:301	5	0	0	0	0	1
id:DB00492	ddi:710	10	0	0	0	0	1
id:DB00493	ddi:520	5	0	0	0	0	1
id:DB00494	ddi:489	5	0	0	0	0	1
id:DB00495	ddi:614	20	0	0	0	0	1
id:DB00496	ddi:640	5	0	0	0	0	1
id:DB00497	ddi:674	30	0	0	0	0	1
id:DB00498	ddi:624	5	0	0	0	0	1
id:DB00499	ddi:702	5	0	0	0	0	1
id:DB00500	ddi:754	10	0	0	0	0	1
id:DB00501	ddi:942	10	0	0	0	0	1
id:DB00503	ddi:858	30	0	0	0	0	1
id:DB00505	ddi:485	5	0	0	0	0	1
id:DB00508	ddi:598	5	0	0	0	0	1
id:DB00511	ddi:259	5	0	0	0	0	1
id:DB00512	ddi:486	15	0	0	0	0	1
id:DB00513	ddi:8	5	0	0	0	0	1
id:DB00514	ddi:753	10	0	0	0	0	1
id:DB00515	ddi:749	5	0	0	0	0	1
id:DB00518	ddi:412	5	0	0	0	0	1
id:DB00519	ddi:429	10	0	0	0	0	1
id:DB00520	ddi:124	5	0	0	0	0	1
id:DB00521	ddi:168	15	0	0	0	0	1
id:DB00523	ddi:27	10	0	0	0	0	1
id:DB00524	ddi:842	15	0	0	0	0	1
id:DB00526	ddi:460	5	0	0	0	0	1
id:DB00527	ddi:443	25	0	0	0	0	1
id:DB00528	ddi:689	15	0	0	0	0	1
id:DB00529	ddi:640	5	0	0	0	0	1
id:DB00530	ddi:724	5	0	0	0	0	1
id:DB00531	ddi:685	5	0	0	0	0	1
id:DB00532	ddi:783	10	0	0	0	0	1
id:DB00533	ddi:978	5	0	0	0	0	1
id:DB00535	ddi:520	5	0	0	0	0	1
id:DB00537	ddi:1016	35	0	0	0	0	1
id:DB00539	ddi:375	5	0	0	0	0	1
id:DB00541	ddi:568	5	0	0	0	0	1
id:DB00542	ddi:457	10	0	0	0	0	1
id:DB00543	ddi:905	5	0	0	0	0	1
id:DB00544	ddi:656	10	0	0	0	0	1
id:DB00545	ddi:160	5	0	0	0	0	1
id:DB00546	ddi:450	5	0	0	0	0	1
id:DB00547	ddi:391	10	0	0	0	0	1
id:DB00548	ddi:447	5	0	0	0	0	1
id:DB00549	ddi:339	5	0	0	0	0	1
id:DB00550	ddi:350	5	0	0	0	0	1
id:DB00551	ddi:1	5	0	0	0	0	1
id:DB00552	ddi:579	5	0	0	0	0	1
id:DB00553	ddi:547	10	0	0	0	0	1
id:DB00554	ddi:901	15	0	0	0	0	1
id:DB00557	ddi:696	10	0	0	0	0	1
id:DB00558	ddi:449	5	0	0	0	0	1
id:DB00559	ddi:677	10	0	0	0	0	1
id:DB00560	ddi:111	10	0	0	0	0	1
id:DB00561	ddi:296	5	0	0	0	0	1
id:DB00562	ddi:774	5	0	0	0	0	1
id:DB00563	ddi:855	10	0	0	0	0	1
id:DB00565	ddi:550	5	0	0	0	0	1
id:DB00567	ddi:728	5	0	0	0	0	1
id:DB00568	ddi:768	10	0	0	0	0	1
id:DB00569	ddi:604	5	0	0	0	0	1
id:DB00570	ddi:618	5	0	0	0	0	1
id:DB00571	ddi:1047	15	0	0	0	0	1
id:DB00572	ddi:805	15	0	0	0	0	1
id:DB00573	ddi:747	5	0	0	0	0	1
id:DB00574	ddi:626	5	0	0	0	0	1
id:DB00575	ddi:953	25	0	0	0	0	1
id:DB00576	ddi:186	25	0	0	0	0	1
id:DB00577	ddi:484	5	0	0	0	0	1
id:DB00578	ddi:106	10	0	0	0	0	1
id:DB00579	ddi:409	5	0	0	0	0	1
id:DB00580	ddi:875	5	0	0	0	0	1
id:DB00581	ddi:331	10	0	0	0	0	1
id:DB00582	ddi:697	5	0	0	0	0	1
id:DB00583	ddi:516	5	0	0	0	0	1
id:DB00584	ddi:571	20	0	0	0	0	1
id:DB00585	ddi:294	5	0	0	0	0	1
id:DB00586	ddi:980	30	0	0	0	0	1
id:DB00589	ddi:740	10	0	0	0	0	1
id:DB00590	ddi:792	5	0	0	0	0	1
id:DB00591	ddi:764	40	0	0	0	0	1
id:DB00592	ddi:271	5	0	0	0	0	1
id:DB00593	ddi:836	10	0	0	0	0	1
id:DB00594	ddi:598	5	0	0	0	0	1
id:DB00595	ddi:216	30	0	0	0	0	1
id:DB00596	ddi:61	5	0	0	0	0	1
id:DB00597	ddi:449	5	0	0	0	0	1
id:DB00598	ddi:991	15	0	0	0	0	1
id:DB00599	ddi:716	15	0	0	0	0	1
id:DB00601	ddi:730	5	0	0	0	0	1
id:DB00602	ddi:204	10	0	0	0	0	1
id:DB00603	ddi:806	35	0	0	0	0	1
id:DB00604	ddi:827	5	0	0	0	0	1
id:DB00605	ddi:751	5	0	0	0	0	1
id:DB00606	ddi:823	15	0	0	0	0	1
id:DB00607	ddi:320	10	0	0	0	0	1
id:DB00608	ddi:972	5	0	0	0	0	1
id:DB00609	ddi:17	5	0	0	0	0	1
id:DB00610	ddi:385	5	0	0	0	0	1
id:DB00611	ddi:450	5	0	0	0	0	1
id:DB00612	ddi:904	30	0	0	0	0	1
id:DB00613	ddi:454	10	0	0	0	0	1
id:DB00614	ddi:704	5	0	0	0	0	1
id:DB00615	ddi:303	5	0	0	0	0	1
id:DB00617	ddi:656	5	0	0	0	0	1
id:DB00618	ddi:127	15	0	0	0	0	1
id:DB00619	ddi:812	5	0	0	0	0	1
id:DB00620	ddi:625	55	0	0	0	0	1
id:DB00621	ddi:211	5	0	0	0	0	1
id:DB00623	ddi:528	5	0	0	0	0	1
id:DB00624	ddi:824	10	0	0	0	0	1
id:DB00625	ddi:915	15	0	0	0	0	1
id:DB00626	ddi:435	15	0	0	0	0	1
id:DB00627	ddi:374	20	0	0	0	0	1
id:DB00628	ddi:840	5	0	0	0	0	1
id:DB00630	ddi:235	20	0	0	0	0	1
id:DB00631	ddi:760	5	0	0	0	0	1
id:DB00633	ddi:979	5	0	0	0	0	1
id:DB00634	ddi:1	15	0	0	0	0	1
id:DB00635	ddi:770	10	0	0	0	0	1
id:DB00636	ddi:298	5	0	0	0	0	1
id:DB00637	ddi:614	5	0	0	0	0	1
id:DB00640	ddi:380	5	0	0	0	0	1
id:DB00641	ddi:610	30	0	0	0	0	1
id:DB00642	ddi:698	5	0	0	0	0	1
id:DB00643	ddi:5	10	0	0	0	0	1
id:DB00645	ddi:380	10	0	0	0	0	1
id:DB00646	ddi:40	20	0	0	0	0	1
id:DB00647	ddi:663	15	0	0	0	0	1
id:DB00648	ddi:461	5	0	0	0	0	1
id:DB00649	ddi:225	10	0	0	0	0	1
id:DB00650	ddi:105	10	0	0	0	0	1
id:DB00651	ddi:588	20	0	0	0	0	1
id:DB00652	ddi:451	5	0	0	0	0	1
id:DB00653	ddi:790	25	0	0	0	0	1
id:DB00654	ddi:56	10	0	0	0	0	1
id:DB00655	ddi:34	10	0	0	0	0	1
id:DB00656	ddi:921	5	0	0	0	0	1
id:DB00657	ddi:827	5	0	0	0	0	1
id:DB00658	ddi:195	5	0	0	0	0	1
id:DB00659	ddi:66	5	0	0	0	0	1
id:DB00662	ddi:383	5	0	0	0	0	1
id:DB00663	ddi:318	25	0	0	0	0	1
id:DB00664	ddi:50	10	0	0	0	0	1
id:DB00665	ddi:625	5	0	0	0	0	1
id:DB00666	ddi:85	5	0	0	0	0	1
id:DB00668	ddi:698	40	0	0	0	0	1
id:DB00669	ddi:982	10	0	0	0	0	1
id:DB00670	ddi:485	5	0	0	0	0	1
id:DB00671	ddi:29	5	0	0	0	0	1
id:DB00672	ddi:820	5	0	0	0	0	1
id:DB00673	ddi:470	5	0	0	0	0	1
id:DB00674	ddi:529	5	0	0	0	0	1
id:DB00675	ddi:804	5	0	0	0	0	1
id:DB00678	ddi:818	15	0	0	0	0	1
id:DB00679	ddi:891	5	0	0	0	0	1
id:DB00680	ddi:622	5	0	0	0	0	1
id:DB00681	ddi:704	20	0	0	0	0	1
id:DB00683	ddi:960	5	0	0	0	0	1
id:DB00684	ddi:513	10	0	0	0	0	1
id:DB00685	ddi:483	5	0	0	0	0	1
id:DB00686	ddi:298	10	0	0	0	0	1
id:DB00687	ddi:451	20	0	0	0	0	1
id:DB00690	ddi:839	5	0	0	0	0	1
id:DB00691	ddi:586	10	0	0	0	0	1
id:DB00692	ddi:699	10	0	0	0	0	1
id:DB00693	ddi:181	10	0	0	0	0	1
id:DB00694	ddi:397	10	0	0	0	0	1
id:DB00695	ddi:832	20	0	0	0	0	1
id:DB00696	ddi:913	15	0	0	0	0	1
id:DB00697	ddi:807	5	0	0	0	0	1
id:DB00698	ddi:662	10	0	0	0	0	1
id:DB00699	ddi:512	5	0	0	0	0	1
id:DB00700	ddi:807	5	0	0	0	0	1
id:DB00701	ddi:657	5	0	0	0	0	1
id:DB00703	ddi:583	10	0	0	0	0	1
id:DB00704	ddi:417	15	0	0	0	0	1
id:DB00705	ddi:611	5	0	0	0	0	1
id:DB00706	ddi:844	25	0	0	0	0	1
id:DB00708	ddi:720	5	0	0	0	0	1
id:DB00709	ddi:590	65	0	0	0	0	1
id:DB00710	ddi:453	10	0	0	0	0	1
id:DB00711	ddi:158	5	0	0	0	0	1
id:DB00712	ddi:886	20	0	0	0	0	1
id:DB00713	ddi:501	10	0	0	0	0	1
id:DB00714	ddi:813	10	0	0	0	0	1
id:DB00715	ddi:888	5	0	0	0	0	1
id:DB00716	ddi:450	15	0	0	0	0	1
id:DB00717	ddi:469	30	0	0	0	0	1
id:DB00718	ddi:469	5	0	0	0	0	1
id:DB00719	ddi:304	5	0	0	0	0	1
id:DB00720	ddi:160	5	0	0	0	0	1
id:DB00721	ddi:728	20	0	0	0	0	1
id:DB00722	ddi:710	20	0	0	0	0	1
id:DB00723	ddi:385	5	0	0	0	0	1
id:DB00724	ddi:3	5	0	0	0	0	1
id:DB00725	ddi:484	10	0	0	0	0	1
id:DB00726	ddi:965	5	0	0	0	0	1
id:DB00727	ddi:416	15	0	0	0	0	1
id:DB00728	ddi:629	5	0	0	0	0	1
id:DB00730	ddi:570	10	0	0	0	0	1
id:DB00731	ddi:915	5	0	0	0	0	1
id:DB00733	ddi:449	5	0	0	0	0	1
id:DB00734	ddi:928	5	0	0	0	0	1
id:DB00736	ddi:238	15	0	0	0	0	1
id:DB00737	ddi:523	10	0	0	0	0	1
id:DB00738	ddi:964	5	0	0	0	0	1
id:DB00739	ddi:79	10	0	0	0	0	1
id:DB00740	ddi:570	5	0	0	0	0	1
id:DB00741	ddi:600	80	0	0	0	0	1
id:DB00742	ddi:719	25	0	0	0	0	1
id:DB00743	ddi:650	5	0	0	0	0	1
id:DB00745	ddi:391	5	0	0	0	0	1
id:DB00746	ddi:3	5	0	0	0	0	1
id:DB00747	ddi:537	20	0	0	0	0	1
id:DB00748	ddi:552	5	0	0	0	0	1
id:DB00749	ddi:863	5	0	0	0	0	1
id:DB00750	ddi:405	10	0	0	0	0	1
id:DB00751	ddi:688	10	0	0	0	0	1
id:DB00752	ddi:809	5	0	0	0	0	1
id:DB00753	ddi:840	5	0	0	0	0	1
id:DB00754	ddi:473	5	0	0	0	0	1
id:DB00755	ddi:661	15	0	0	0	0	1
id:DB00757	ddi:657	5	0	0	0	0	1
id:DB00758	ddi:652	5	0	0	0	0	1
id:DB00759	ddi:693	50	0	0	0	0	1
id:DB00760	ddi:455	10	0	0	0	0	1
id:DB00761	ddi:558	15	0	0	0	0	1
id:DB00762	ddi:551	5	0	0	0	0	1
id:DB00763	ddi:991	10	0	0	0	0	1
id:DB00764	ddi:543	10	0	0	0	0	1
id:DB00765	ddi:601	5	0	0	0	0	1
id:DB00768	ddi:1	10	0	0	0	0	1
id:DB00770	ddi:126	10	0	0	0	0	1
id:DB00771	ddi:489	5	0	0	0	0	1
id:DB00772	ddi:4	5	0	0	0	0	1
id:DB00773	ddi:587	5	0	0	0	0	1
id:DB00774	ddi:889	20	0	0	0	0	1
id:DB00775	ddi:566	5	0	0	0	0	1
id:DB00776	ddi:609	5	0	0	0	0	1
id:DB00777	ddi:667	5	0	0	0	0	1
id:DB00778	ddi:396	5	0	0	0	0	1
id:DB00779	ddi:554	5	0	0	0	0	1
id:DB00780	ddi:948	5	0	0	0	0	1
id:DB00782	ddi:829	10	0	0	0	0	1
id:DB00783	ddi:919	195	0	0	0	0	1
id:DB00784	ddi:903	5	0	0	0	0	1
id:DB00787	ddi:642	20	0	0	0	0	1
id:DB00788	ddi:946	25	0	0	0	0	1
id:DB00789	ddi:449	5	0	0	0	0	1
id:DB00790	ddi:708	55	0	0	0	0	1
id:DB00792	ddi:187	10	0	0	0	0	1
id:DB00793	ddi:5	5	0	0	0	0	1
id:DB00794	ddi:967	10	0	0	0	0	1
id:DB00795	ddi:930	10	0	0	0	0	1
id:DB00797	ddi:393	10	0	0	0	0	1
id:DB00798	ddi:521	25	0	0	0	0	1
id:DB00799	ddi:162	5	0	0	0	0	1
id:DB00800	ddi:702	5	0	0	0	0	1
id:DB00801	ddi:395	5	0	0	0	0	1
id:DB00802	ddi:787	5	0	0	0	0	1
id:DB00803	ddi:489	10	0	0	0	0	1
id:DB00804	ddi:829	5	0	0	0	0	1
id:DB00805	ddi:822	5	0	0	0	0	1
id:DB00806	ddi:832	10	0	0	0	0	1
id:DB00807	ddi:4	5	0	0	0	0	1
id:DB00808	ddi:986	20	0	0	0	0	1
id:DB00809	ddi:109	10	0	0	0	0	1
id:DB00810	ddi:565	5	0	0	0	0	1
id:DB00811	ddi:455	5	0	0	0	0	1
id:DB00812	ddi:924	15	0	0	0	0	1
id:DB00813	ddi:1015	15	0	0	0	0	1
id:DB00814	ddi:877	10	0	0	0	0	1
id:DB00816	ddi:421	15	0	0	0	0	1
id:DB00817	ddi:483	5	0	0	0	0	1
id:DB00818	ddi:968	5	0	0	0	0	1
id:DB00819	ddi:841	10	0	0	0	0	1
id:DB00820	ddi:796	15	0	0	0	0	1
id:DB00822	ddi:512	15	0	0	0	0	1
id:DB00827	ddi:506	5	0	0	0	0	1
id:DB00828	ddi:455	5	0	0	0	0	1
id:DB00829	ddi:1015	5	0	0	0	0	1
id:DB00831	ddi:761	5	0	0	0	0	1
id:DB00832	ddi:435	5	0	0	0	0	1
id:DB00833	ddi:561	5	0	0	0	0	1
id:DB00834	ddi:854	10	0	0	0	0	1
id:DB00835	ddi:658	10	0	0	0	0	1
id:DB00836	ddi:857	10	0	0	0	0	1
id:DB00837	ddi:440	5	0	0	0	0	1
id:DB00838	ddi:61	5	0	0	0	0	1
id:DB00839	ddi:810	5	0	0	0	0	1
id:DB00841	ddi:730	5	0	0	0	0	1
id:DB00842	ddi:777	5	0	0	0	0	1
id:DB00843	ddi:744	15	0	0	0	0	1
id:DB00844	ddi:450	5	0	0	0	0	1
id:DB00845	ddi:439	5	0	0	0	0	1
id:DB00846	ddi:62	10	0	0	0	0	1
id:DB00847	ddi:22	10	0	0	0	0	1
id:DB00848	ddi:2	5	0	0	0	0	1
id:DB00849	ddi:768	10	0	0	0	0	1
id:DB00850	ddi:649	5	0	0	0	0	1
id:DB00851	ddi:678	5	0	0	0	0	1
id:DB00852	ddi:531	10	0	0	0	0	1
id:DB00853	ddi:574	5	0	0	0	0	1
id:DB00855	ddi:2	5	0	0	0	0	1
id:DB00856	ddi:6	5	0	0	0	0	1
id:DB00857	ddi:584	10	0	0	0	0	1
id:DB00859	ddi:305	5	0	0	0	0	1
id:DB00860	ddi:500	95	0	0	0	0	1
id:DB00861	ddi:798	5	0	0	0	0	1
id:DB00862	ddi:593	5	0	0	0	0	1
id:DB00863	ddi:791	10	0	0	0	0	1
id:DB00864	ddi:1016	10	0	0	0	0	1
id:DB00866	ddi:851	5	0	0	0	0	1
id:DB00867	ddi:419	5	0	0	0	0	1
id:DB00868	ddi:46	5	0	0	0	0	1
id:DB00869	ddi:125	10	0	0	0	0	1
id:DB00870	ddi:67	5	0	0	0	0	1
id:DB00871	ddi:895	15	0	0	0	0	1
id:DB00872	ddi:882	5	0	0	0	0	1
id:DB00875	ddi:842	5	0	0	0	0	1
id:DB00876	ddi:484	10	0	0	0	0	1
id:DB00877	ddi:581	10	0	0	0	0	1
id:DB00879	ddi:20	50	0	0	0	0	1
id:DB00880	ddi:901	20	0	0	0	0	1
id:DB00881	ddi:504	10	0	0	0	0	1
id:DB00882	ddi:119	5	0	0	0	0	1
id:DB00883	ddi:252	15	0	0	0	0	1
id:DB00884	ddi:241	20	0	0	0	0	1
id:DB00887	ddi:765	20	0	0	0	0	1
id:DB00888	ddi:326	5	0	0	0	0	1
id:DB00889	ddi:585	5	0	0	0	0	1
id:DB00890	ddi:34	10	0	0	0	0	1
id:DB00891	ddi:213	10	0	0	0	0	1
id:DB00892	ddi:408	10	0	0	0	0	1
id:DB00896	ddi:70	10	0	0	0	0	1
id:DB00897	ddi:931	5	0	0	0	0	1
id:DB00898	ddi:878	15	0	0	0	0	1
id:DB00899	ddi:686	5	0	0	0	0	1
id:DB00900	ddi:572	5	0	0	0	0	1
id:DB00901	ddi:399	5	0	0	0	0	1
id:DB00902	ddi:74	5	0	0	0	0	1
id:DB00903	ddi:710	5	0	0	0	0	1
id:DB00904	ddi:824	5	0	0	0	0	1
id:DB00905	ddi:166	5	0	0	0	0	1
id:DB00906	ddi:495	5	0	0	0	0	1
id:DB00907	ddi:687	20	0	0	0	0	1
id:DB00910	ddi:122	5	0	0	0	0	1
id:DB00911	ddi:554	30	0	0	0	0	1
id:DB00912	ddi:479	10	0	0	0	0	1
id:DB00913	ddi:23	5	0	0	0	0	1
id:DB00914	ddi:497	10	0	0	0	0	1
id:DB00915	ddi:839	5	0	0	0	0	1
id:DB00916	ddi:579	85	0	0	0	0	1
id:DB00917	ddi:221	5	0	0	0	0	1
id:DB00918	ddi:1018	5	0	0	0	0	1
id:DB00919	ddi:6	5	0	0	0	0	1
id:DB00920	ddi:47	10	0	0	0	0	1
id:DB00921	ddi:835	15	0	0	0	0	1
id:DB00922	ddi:417	5	0	0	0	0	1
id:DB00923	ddi:450	5	0	0	0	0	1
id:DB00924	ddi:567	5	0	0	0	0	1
id:DB00925	ddi:420	5	0	0	0	0	1
id:DB00926	ddi:26	5	0	0	0	0	1
id:DB00927	ddi:461	10	0	0	0	0	1
id:DB00928	ddi:573	5	0	0	0	0	1
id:DB00929	ddi:6	15	0	0	0	0	1
id:DB00931	ddi:126	10	0	0	0	0	1
id:DB00932	ddi:691	5	0	0	0	0	1
id:DB00933	ddi:681	5	0	0	0	0	1
id:DB00934	ddi:1052	5	0	0	0	0	1
id:DB00935	ddi:412	15	0	0	0	0	1
id:DB00936	ddi:884	20	0	0	0	0	1
id:DB00937	ddi:667	5	0	0	0	0	1
id:DB00938	ddi:753	15	0	0	0	0	1
id:DB00939	ddi:778	10	0	0	0	0	1
id:DB00940	ddi:534	5	0	0	0	0	1
id:DB00941	ddi:495	5	0	0	0	0	1
id:DB00943	ddi:91	5	0	0	0	0	1
id:DB00944	ddi:158	5	0	0	0	0	1
id:DB00945	ddi:939	100	0	0	0	0	1
id:DB00946	ddi:811	5	0	0	0	0	1
id:DB00947	ddi:30	5	0	0	0	0	1
id:DB00948	ddi:78	10	0	0	0	0	1
id:DB00949	ddi:767	5	0	0	0	0	1
id:DB00950	ddi:228	5	0	0	0	0	1
id:DB00951	ddi:972	50	0	0	0	0	1
id:DB00952	ddi:603	5	0	0	0	0	1
id:DB00953	ddi:876	5	0	0	0	0	1
id:DB00954	ddi:151	5	0	0	0	0	1
id:DB00955	ddi:488	10	0	0	0	0	1
id:DB00956	ddi:582	5	0	0	0	0	1
id:DB00957	ddi:555	15	0	0	0	0	1
id:DB00958	ddi:581	5	0	0	0	0	1
id:DB00959	ddi:498	30	0	0	0	0	1
id:DB00961	ddi:781	10	0	0	0	0	1
id:DB00962	ddi:907	5	0	0	0	0	1
id:DB00963	ddi:67	5	0	0	0	0	1
id:DB00964	ddi:25	5	0	0	0	0	1
id:DB00966	ddi:559	15	0	0	0	0	1
id:DB00967	ddi:600	5	0	0	0	0	1
id:DB00968	ddi:763	5	0	0	0	0	1
id:DB00969	ddi:648	5	0	0	0	0	1
id:DB00970	ddi:298	5	0	0	0	0	1
id:DB00972	ddi:794	15	0	0	0	0	1
id:DB00973	ddi:156	20	0	0	0	0	1
id:DB00975	ddi:589	5	0	0	0	0	1
id:DB00976	ddi:625	5	0	0	0	0	1
id:DB00977	ddi:647	125	0	0	0	0	1
id:DB00978	ddi:508	10	0	0	0	0	1
id:DB00979	ddi:110	10	0	0	0	0	1
id:DB00980	ddi:955	5	0	0	0	0	1
id:DB00981	ddi:158	10	0	0	0	0	1
id:DB00982	ddi:568	15	0	0	0	0	1
id:DB00983	ddi:810	50	0	0	0	0	1
id:DB00986	ddi:486	45	0	0	0	0	1
id:DB00987	ddi:276	10	0	0	0	0	1
id:DB00988	ddi:728	5	0	0	0	0	1
id:DB00989	ddi:215	5	0	0	0	0	1
id:DB00990	ddi:65	5	0	0	0	0	1
id:DB00991	ddi:753	5	0	0	0	0	1
id:DB00992	ddi:1	5	0	0	0	0	1
id:DB00993	ddi:680	5	0	0	0	0	1
id:DB00995	ddi:449	5	0	0	0	0	1
id:DB00996	ddi:439	5	0	0	0	0	1
id:DB00997	ddi:590	5	0	0	0	0	1
id:DB00998	ddi:696	5	0	0	0	0	1
id:DB00999	ddi:1046	60	0	0	0	0	1
id:DB01000	ddi:79	5	0	0	0	0	1
id:DB01001	ddi:848	25	0	0	0	0	1
id:DB01002	ddi:915	5	0	0	0	0	1
id:DB01003	ddi:2	45	0	0	0	0	1
id:DB01004	ddi:605	10	0	0	0	0	1
id:DB01005	ddi:229	5	0	0	0	0	1
id:DB01006	ddi:230	5	0	0	0	0	1
id:DB01007	ddi:25	15	0	0	0	0	1
id:DB01008	ddi:379	5	0	0	0	0	1
id:DB01009	ddi:848	15	0	0	0	0	1
id:DB01010	ddi:579	5	0	0	0	0	1
id:DB01011	ddi:579	5	0	0	0	0	1
id:DB01012	ddi:327	5	0	0	0	0	1
id:DB01014	ddi:779	5	0	0	0	0	1
id:DB01015	ddi:1014	20	0	0	0	0	1
id:DB01016	ddi:740	5	0	0	0	0	1
id:DB01017	ddi:569	15	0	0	0	0	1
id:DB01018	ddi:961	5	0	0	0	0	1
id:DB01019	ddi:71	5	0	0	0	0	1
id:DB01020	ddi:628	5	0	0	0	0	1
id:DB01021	ddi:889	20	0	0	0	0	1
id:DB01022	ddi:452	5	0	0	0	0	1
id:DB01023	ddi:837	15	0	0	0	0	1
id:DB01024	ddi:644	5	0	0	0	0	1
id:DB01026	ddi:830	20	0	0	0	0	1
id:DB01028	ddi:812	5	0	0	0	0	1
id:DB01029	ddi:655	20	0	0	0	0	1
id:DB01030	ddi:717	5	0	0	0	0	1
id:DB01032	ddi:759	10	0	0	0	0	1
id:DB01033	ddi:451	10	0	0	0	0	1
id:DB01035	ddi:925	5	0	0	0	0	1
id:DB01036	ddi:1076	5	0	0	0	0	1
id:DB01037	ddi:953	5	0	0	0	0	1
id:DB01039	ddi:807	20	0	0	0	0	1
id:DB01041	ddi:861	5	0	0	0	0	1
id:DB01042	ddi:189	5	0	0	0	0	1
id:DB01043	ddi:713	15	0	0	0	0	1
id:DB01044	ddi:489	10	0	0	0	0	1
id:DB01045	ddi:685	25	0	0	0	0	1
id:DB01046	ddi:590	5	0	0	0	0	1
id:DB01047	ddi:550	15	0	0	0	0	1
id:DB01048	ddi:471	20	0	0	0	0	1
id:DB01050	ddi:906	40	0	0	0	0	1
id:DB01053	ddi:268	20	0	0	0	0	1
id:DB01054	ddi:761	10	0	0	0	0	1
id:DB01056	ddi:231	5	0	0	0	0	1
id:DB01057	ddi:4	5	0	0	0	0	1
id:DB01058	ddi:360	5	0	0	0	0	1
id:DB01059	ddi:573	15	0	0	0	0	1
id:DB01060	ddi:509	70	0	0	0	0	1
id:DB01061	ddi:140	10	0	0	0	0	1
id:DB01062	ddi:756	5	0	0	0	0	1
id:DB01063	ddi:459	5	0	0	0	0	1
id:DB01064	ddi:422	25	0	0	0	0	1
id:DB01065	ddi:562	5	0	0	0	0	1
id:DB01066	ddi:466	5	0	0	0	0	1
id:DB01067	ddi:838	5	0	0	0	0	1
id:DB01068	ddi:882	5	0	0	0	0	1
id:DB01070	ddi:67	5	0	0	0	0	1
id:DB01071	ddi:484	5	0	0	0	0	1
id:DB01072	ddi:1024	15	0	0	0	0	1
id:DB01073	ddi:195	5	0	0	0	0	1
id:DB01074	ddi:656	5	0	0	0	0	1
id:DB01075	ddi:808	20	0	0	0	0	1
id:DB01076	ddi:430	40	0	0	0	0	1
id:DB01077	ddi:157	10	0	0	0	0	1
id:DB01078	ddi:259	5	0	0	0	0	1
id:DB01079	ddi:620	5	0	0	0	0	1
id:DB01080	ddi:435	5	0	0	0	0	1
id:DB01081	ddi:450	5	0	0	0	0	1
id:DB01082	ddi:513	20	0	0	0	0	1
id:DB01083	ddi:77	5	0	0	0	0	1
id:DB01084	ddi:248	5	0	0	0	0	1
id:DB01085	ddi:123	15	0	0	0	0	1
id:DB01086	ddi:658	20	0	0	0	0	1
id:DB01087	ddi:699	5	0	0	0	0	1
id:DB01088	ddi:443	5	0	0	0	0	1
id:DB01089	ddi:361	10	0	0	0	0	1
id:DB01092	ddi:312	5	0	0	0	0	1
id:DB01093	ddi:682	10	0	0	0	0	1
id:DB01095	ddi:578	5	0	0	0	0	1
id:DB01096	ddi:176	5	0	0	0	0	1
id:DB01097	ddi:496	5	0	0	0	0	1
id:DB01098	ddi:599	65	0	0	0	0	1
id:DB01099	ddi:577	10	0	0	0	0	1
id:DB01100	ddi:832	5	0	0	0	0	1
id:DB01101	ddi:711	5	0	0	0	0	1
id:DB01102	ddi:399	5	0	0	0	0	1
id:DB01103	ddi:225	5	0	0	0	0	1
id:DB01104	ddi:786	5	0	0	0	0	1
id:DB01105	ddi:889	5	0	0	0	0	1
id:DB01106	ddi:316	10	0	0	0	0	1
id:DB01107	ddi:382	5	0	0	0	0	1
id:DB01108	ddi:435	5	0	0	0	0	1
id:DB01110	ddi:609	40	0	0	0	0	1
id:DB01112	ddi:466	15	0	0	0	0	1
id:DB01113	ddi:401	15	0	0	0	0	1
id:DB01114	ddi:726	10	0	0	0	0	1
id:DB01115	ddi:1068	20	0	0	0	0	1
id:DB01116	ddi:558	5	0	0	0	0	1
id:DB01117	ddi:221	5	0	0	0	0	1
id:DB01118	ddi:989	5	0	0	0	0	1
id:DB01119	ddi:420	15	0	0	0	0	1
id:DB01120	ddi:544	5	0	0	0	0	1
id:DB01121	ddi:435	5	0	0	0	0	1
id:DB01122	ddi:158	5	0	0	0	0	1
id:DB01124	ddi:851	10	0	0	0	0	1
id:DB01126	ddi:431	10	0	0	0	0	1
id:DB01127	ddi:22	20	0	0	0	0	1
id:DB01128	ddi:282	10	0	0	0	0	1
id:DB01129	ddi:614	30	0	0	0	0	1
id:DB01130	ddi:65	5	0	0	0	0	1
id:DB01131	ddi:385	10	0	0	0	0	1
id:DB01132	ddi:431	25	0	0	0	0	1
id:DB01133	ddi:476	5	0	0	0	0	1
id:DB01135	ddi:873	5	0	0	0	0	1
id:DB01136	ddi:876	10	0	0	0	0	1
id:DB01137	ddi:765	20	0	0	0	0	1
id:DB01138	ddi:458	5	0	0	0	0	1
id:DB01139	ddi:450	5	0	0	0	0	1
id:DB01140	ddi:499	5	0	0	0	0	1
id:DB01141	ddi:9	5	0	0	0	0	1
id:DB01143	ddi:195	5	0	0	0	0	1
id:DB01144	ddi:567	10	0	0	0	0	1
id:DB01146	ddi:14	10	0	0	0	0	1
id:DB01147	ddi:79	10	0	0	0	0	1
id:DB01148	ddi:830	5	0	0	0	0	1
id:DB01150	ddi:450	5	0	0	0	0	1
id:DB01152	ddi:151	5	0	0	0	0	1
id:DB01154	ddi:787	5	0	0	0	0	1
id:DB01155	ddi:483	5	0	0	0	0	1
id:DB01156	ddi:942	10	0	0	0	0	1
id:DB01157	ddi:450	5	0	0	0	0	1
id:DB01158	ddi:574	5	0	0	0	0	1
id:DB01159	ddi:782	5	0	0	0	0	1
id:DB01161	ddi:442	5	0	0	0	0	1
id:DB01162	ddi:394	5	0	0	0	0	1
id:DB01163	ddi:79	5	0	0	0	0	1
id:DB01164	ddi:151	20	0	0	0	0	1
id:DB01165	ddi:529	20	0	0	0	0	1
id:DB01166	ddi:1033	5	0	0	0	0	1
id:DB01167	ddi:744	5	0	0	0	0	1
id:DB01168	ddi:816	5	0	0	0	0	1
id:DB01169	ddi:899	5	0	0	0	0	1
id:DB01170	ddi:671	15	0	0	0	0	1
id:DB01171	ddi:822	5	0	0	0	0	1
id:DB01172	ddi:490	15	0	0	0	0	1
id:DB01173	ddi:795	15	0	0	0	0	1
id:DB01174	ddi:972	10	0	0	0	0	1
id:DB01175	ddi:854	5	0	0	0	0	1
id:DB01176	ddi:645	10	0	0	0	0	1
id:DB01177	ddi:529	5	0	0	0	0	1
id:DB01178	ddi:384	15	0	0	0	0	1
id:DB01180	ddi:415	15	0	0	0	0	1
id:DB01181	ddi:889	5	0	0	0	0	1
id:DB01182	ddi:823	5	0	0	0	0	1
id:DB01183	ddi:803	20	0	0	0	0	1
id:DB01184	ddi:653	5	0	0	0	0	1
id:DB01185	ddi:71	5	0	0	0	0	1
id:DB01186	ddi:655	5	0	0	0	0	1
id:DB01189	ddi:755	5	0	0	0	0	1
id:DB01190	ddi:381	20	0	0	0	0	1
id:DB01191	ddi:407	5	0	0	0	0	1
id:DB01193	ddi:685	10	0	0	0	0	1
id:DB01194	ddi:6	15	0	0	0	0	1
id:DB01195	ddi:570	5	0	0	0	0	1
id:DB01196	ddi:196	5	0	0	0	0	1
id:DB01197	ddi:580	10	0	0	0	0	1
id:DB01198	ddi:681	5	0	0	0	0	1
id:DB01199	ddi:613	5	0	0	0	0	1
id:DB01200	ddi:865	10	0	0	0	0	1
id:DB01201	ddi:516	5	0	0	0	0	1
id:DB01202	ddi:436	5	0	0	0	0	1
id:DB01203	ddi:916	10	0	0	0	0	1
id:DB01204	ddi:252	5	0	0	0	0	1
id:DB01205	ddi:457	5	0	0	0	0	1
id:DB01206	ddi:188	5	0	0	0	0	1
id:DB01208	ddi:418	5	0	0	0	0	1
id:DB01209	ddi:450	5	0	0	0	0	1
id:DB01210	ddi:13	5	0	0	0	0	1
id:DB01211	ddi:671	45	0	0	0	0	1
id:DB01212	ddi:502	10	0	0	0	0	1
id:DB01213	ddi:490	5	0	0	0	0	1
id:DB01214	ddi:166	15	0	0	0	0	1
id:DB01215	ddi:851	5	0	0	0	0	1
id:DB01216	ddi:454	15	0	0	0	0	1
id:DB01217	ddi:177	5	0	0	0	0	1
id:DB01218	ddi:566	5	0	0	0	0	1
id:DB01219	ddi:584	5	0	0	0	0	1
id:DB01220	ddi:100	10	0	0	0	0	1
id:DB01221	ddi:1005	5	0	0	0	0	1
id:DB01222	ddi:856	35	0	0	0	0	1
id:DB01223	ddi:492	20	0	0	0	0	1
id:DB01226	ddi:602	5	0	0	0	0	1
id:DB01227	ddi:779	5	0	0	0	0	1
id:DB01228	ddi:407	5	0	0	0	0	1
id:DB01229	ddi:731	5	0	0	0	0	1
id:DB01232	ddi:772	5	0	0	0	0	1
id:DB01233	ddi:1086	5	0	0	0	0	1
id:DB01234	ddi:833	80	0	0	0	0	1
id:DB01235	ddi:537	15	0	0	0	0	1
id:DB01236	ddi:914	5	0	0	0	0	1
id:DB01237	ddi:1	5	0	0	0	0	1
id:DB01238	ddi:1015	5	0	0	0	0	1
id:DB01239	ddi:656	5	0	0	0	0	1
id:DB01240	ddi:815	5	0	0	0	0	1
id:DB01241	ddi:771	5	0	0	0	0	1
id:DB01244	ddi:761	5	0	0	0	0	1
id:DB01246	ddi:609	5	0	0	0	0	1
id:DB01247	ddi:708	5	0	0	0	0	1
id:DB01248	ddi:502	5	0	0	0	0	1
id:DB01249	ddi:449	5	0	0	0	0	1
id:DB01250	ddi:779	5	0	0	0	0	1
id:DB01251	ddi:520	5	0	0	0	0	1
id:DB01252	ddi:310	5	0	0	0	0	1
id:DB01253	ddi:666	5	0	0	0	0	1
id:DB01254	ddi:712	5	0	0	0	0	1
id:DB01255	ddi:619	5	0	0	0	0	1
id:DB01256	ddi:226	5	0	0	0	0	1
id:DB01259	ddi:547	5	0	0	0	0	1
id:DB01260	ddi:65	15	0	0	0	0	1
id:DB01261	ddi:843	25	0	0	0	0	1
id:DB01262	ddi:188	5	0	0	0	0	1
id:DB01263	ddi:632	5	0	0	0	0	1
id:DB01264	ddi:614	25	0	0	0	0	1
id:DB01265	ddi:3	5	0	0	0	0	1
id:DB01268	ddi:724	5	0	0	0	0	1
id:DB01273	ddi:521	5	0	0	0	0	1
id:DB01275	ddi:751	10	0	0	0	0	1
id:DB01278	ddi:357	5	0	0	0	0	1
id:DB01280	ddi:187	5	0	0	0	0	1
id:DB01282	ddi:198	5	0	0	0	0	1
id:DB01283	ddi:849	5	0	0	0	0	1
id:DB01284	ddi:58	5	0	0	0	0	1
id:DB01288	ddi:510	20	0	0	0	0	1
id:DB01289	ddi:520	5	0	0	0	0	1
id:DB01291	ddi:400	10	0	0	0	0	1
id:DB01295	ddi:670	10	0	0	0	0	1
id:DB01296	ddi:21	5	0	0	0	0	1
id:DB01297	ddi:677	5	0	0	0	0	1
id:DB01298	ddi:50	5	0	0	0	0	1
id:DB01299	ddi:73	5	0	0	0	0	1
id:DB01301	ddi:111	10	0	0	0	0	1
id:DB01303	ddi:318	15	0	0	0	0	1
id:DB01319	ddi:209	5	0	0	0	0	1
id:DB01320	ddi:930	5	0	0	0	0	1
id:DB01321	ddi:62	5	0	0	0	0	1
id:DB01324	ddi:918	15	0	0	0	0	1
id:DB01325	ddi:604	15	0	0	0	0	1
id:DB01326	ddi:474	5	0	0	0	0	1
id:DB01327	ddi:509	5	0	0	0	0	1
id:DB01328	ddi:449	5	0	0	0	0	1
id:DB01329	ddi:474	5	0	0	0	0	1
id:DB01330	ddi:475	5	0	0	0	0	1
id:DB01331	ddi:449	5	0	0	0	0	1
id:DB01332	ddi:507	5	0	0	0	0	1
id:DB01333	ddi:581	5	0	0	0	0	1
id:DB01337	ddi:665	5	0	0	0	0	1
id:DB01338	ddi:629	5	0	0	0	0	1
id:DB01339	ddi:551	5	0	0	0	0	1
id:DB01340	ddi:428	10	0	0	0	0	1
id:DB01348	ddi:415	5	0	0	0	0	1
id:DB01349	ddi:211	5	0	0	0	0	1
id:DB01351	ddi:684	10	0	0	0	0	1
id:DB01352	ddi:534	5	0	0	0	0	1
id:DB01353	ddi:438	5	0	0	0	0	1
id:DB01354	ddi:438	5	0	0	0	0	1
id:DB01355	ddi:768	10	0	0	0	0	1
id:DB01362	ddi:61	5	0	0	0	0	1
id:DB01364	ddi:495	30	0	0	0	0	1
id:DB01365	ddi:521	5	0	0	0	0	1
id:DB01366	ddi:419	10	0	0	0	0	1
id:DB01367	ddi:1007	5	0	0	0	0	1
id:DB01373	ddi:148	35	0	0	0	0	1
id:DB01377	ddi:377	15	0	0	0	0	1
id:DB01382	ddi:310	10	0	0	0	0	1
id:DB01384	ddi:569	5	0	0	0	0	1
id:DB01388	ddi:857	5	0	0	0	0	1
id:DB01390	ddi:128	10	0	0	0	0	1
id:DB01392	ddi:729	5	0	0	0	0	1
id:DB01393	ddi:251	5	0	0	0	0	1
id:DB01394	ddi:689	5	0	0	0	0	1
id:DB01395	ddi:795	15	0	0	0	0	1
id:DB01396	ddi:619	5	0	0	0	0	1
id:DB01399	ddi:747	5	0	0	0	0	1
id:DB01400	ddi:158	15	0	0	0	0	1
id:DB01403	ddi:898	5	0	0	0	0	1
id:DB01405	ddi:508	5	0	0	0	0	1
id:DB01406	ddi:495	5	0	0	0	0	1
id:DB01407	ddi:420	15	0	0	0	0	1
id:DB01408	ddi:463	5	0	0	0	0	1
id:DB01409	ddi:945	20	0	0	0	0	1
id:DB01410	ddi:623	10	0	0	0	0	1
id:DB01411	ddi:200	5	0	0	0	0	1
id:DB01412	ddi:619	15	0	0	0	0	1
id:DB01413	ddi:449	10	0	0	0	0	1
id:DB01414	ddi:507	5	0	0	0	0	1
id:DB01415	ddi:526	5	0	0	0	0	1
id:DB01416	ddi:462	5	0	0	0	0	1
id:DB01418	ddi:863	5	0	0	0	0	1
id:DB01421	ddi:489	5	0	0	0	0	1
id:DB01422	ddi:5	5	0	0	0	0	1
id:DB01423	ddi:138	5	0	0	0	0	1
id:DB01424	ddi:997	15	0	0	0	0	1
id:DB01425	ddi:16	5	0	0	0	0	1
id:DB01426	ddi:273	5	0	0	0	0	1
id:DB01427	ddi:452	5	0	0	0	0	1
id:DB01429	ddi:276	5	0	0	0	0	1
id:DB01431	ddi:681	5	0	0	0	0	1
id:DB01435	ddi:1019	20	0	0	0	0	1
id:DB01436	ddi:67	10	0	0	0	0	1
id:DB01437	ddi:387	5	0	0	0	0	1
id:DB01438	ddi:477	5	0	0	0	0	1
id:DB01452	ddi:454	5	0	0	0	0	1
id:DB01459	ddi:322	5	0	0	0	0	1
id:DB01463	ddi:380	5	0	0	0	0	1
id:DB01466	ddi:630	10	0	0	0	0	1
id:DB01482	ddi:319	5	0	0	0	0	1
id:DB01483	ddi:733	5	0	0	0	0	1
id:DB01489	ddi:395	5	0	0	0	0	1
id:DB01495	ddi:382	5	0	0	0	0	1
id:DB01501	ddi:379	5	0	0	0	0	1
id:DB01529	ddi:450	5	0	0	0	0	1
id:DB01534	ddi:384	5	0	0	0	0	1
id:DB01544	ddi:648	5	0	0	0	0	1
id:DB01545	ddi:395	5	0	0	0	0	1
id:DB01551	ddi:607	20	0	0	0	0	1
id:DB01553	ddi:395	5	0	0	0	0	1
id:DB01558	ddi:846	5	0	0	0	0	1
id:DB01559	ddi:484	5	0	0	0	0	1
id:DB01563	ddi:765	5	0	0	0	0	1
id:DB01567	ddi:395	5	0	0	0	0	1
id:DB01575	ddi:24	5	0	0	0	0	1
id:DB01576	ddi:622	5	0	0	0	0	1
id:DB01577	ddi:1005	5	0	0	0	0	1
id:DB01580	ddi:852	15	0	0	0	0	1
id:DB01581	ddi:56	20	0	0	0	0	1
id:DB01582	ddi:49	15	0	0	0	0	1
id:DB01586	ddi:134	5	0	0	0	0	1
id:DB01587	ddi:872	5	0	0	0	0	1
id:DB01588	ddi:445	5	0	0	0	0	1
id:DB01589	ddi:599	5	0	0	0	0	1
id:DB01590	ddi:633	10	0	0	0	0	1
id:DB01591	ddi:839	10	0	0	0	0	1
id:DB01592	ddi:70	25	0	0	0	0	1
id:DB01593	ddi:43	5	0	0	0	0	1
id:DB01594	ddi:397	5	0	0	0	0	1
id:DB01595	ddi:491	5	0	0	0	0	1
id:DB01597	ddi:60	5	0	0	0	0	1
id:DB01598	ddi:129	5	0	0	0	0	1
id:DB01599	ddi:239	5	0	0	0	0	1
id:DB01600	ddi:749	5	0	0	0	0	1
id:DB01601	ddi:988	5	0	0	0	0	1
id:DB01602	ddi:79	10	0	0	0	0	1
id:DB01603	ddi:79	10	0	0	0	0	1
id:DB01604	ddi:79	10	0	0	0	0	1
id:DB01605	ddi:79	10	0	0	0	0	1
id:DB01606	ddi:170	5	0	0	0	0	1
id:DB01607	ddi:78	10	0	0	0	0	1
id:DB01608	ddi:663	5	0	0	0	0	1
id:DB01609	ddi:426	5	0	0	0	0	1
id:DB01610	ddi:502	5	0	0	0	0	1
id:DB01611	ddi:666	5	0	0	0	0	1
id:DB01612	ddi:243	5	0	0	0	0	1
id:DB01613	ddi:43	10	0	0	0	0	1
id:DB01614	ddi:665	5	0	0	0	0	1
id:DB01616	ddi:385	10	0	0	0	0	1
id:DB01618	ddi:413	5	0	0	0	0	1
id:DB01619	ddi:14	5	0	0	0	0	1
id:DB01620	ddi:248	10	0	0	0	0	1
id:DB01621	ddi:617	5	0	0	0	0	1
id:DB01622	ddi:668	5	0	0	0	0	1
id:DB01623	ddi:646	5	0	0	0	0	1
id:DB01624	ddi:929	5	0	0	0	0	1
id:DB01625	ddi:482	10	0	0	0	0	1
id:DB01626	ddi:717	10	0	0	0	0	1
id:DB01627	ddi:111	5	0	0	0	0	1
id:DB01628	ddi:1006	5	0	0	0	0	1
id:DB01638	ddi:590	20	0	0	0	0	1
id:DB01656	ddi:712	5	0	0	0	0	1
id:DB01698	ddi:21	10	0	0	0	0	1
id:DB01708	ddi:14	15	0	0	0	0	1
id:DB01783	ddi:27	10	0	0	0	0	1
id:DB02266	ddi:1	5	0	0	0	0	1
id:DB02300	ddi:7	10	0	0	0	0	1
id:DB02546	ddi:441	5	0	0	0	0	1
id:DB02638	ddi:243	5	0	0	0	0	1
id:DB02640	ddi:8	5	0	0	0	0	1
id:DB02659	ddi:249	5	0	0	0	0	1
id:DB02703	ddi:639	20	0	0	0	0	1
id:DB02901	ddi:106	10	0	0	0	0	1
id:DB02925	ddi:526	10	0	0	0	0	1
id:DB02959	ddi:384	5	0	0	0	0	1
id:DB03128	ddi:96	5	0	0	0	0	1
id:DB03166	ddi:5	10	0	0	0	0	1
id:DB03312	ddi:1	5	0	0	0	0	1
id:DB03585	ddi:753	15	0	0	0	0	1
id:DB03604	ddi:199	10	0	0	0	0	1
id:DB03615	ddi:489	5	0	0	0	0	1
id:DB03619	ddi:118	5	0	0	0	0	1
id:DB03754	ddi:1	10	0	0	0	0	1
id:DB03783	ddi:512	15	0	0	0	0	1
id:DB03793	ddi:82	10	0	0	0	0	1
id:DB04145	ddi:1	10	0	0	0	0	1
id:DB04165	ddi:435	5	0	0	0	0	1
id:DB04209	ddi:6	15	0	0	0	0	1
id:DB04272	ddi:22	5	0	0	0	0	1
id:DB04339	ddi:16	5	0	0	0	0	1
id:DB04552	ddi:762	10	0	0	0	0	1
id:DB04570	ddi:450	5	0	0	0	0	1
id:DB04571	ddi:14	10	0	0	0	0	1
id:DB04572	ddi:522	5	0	0	0	0	1
id:DB04573	ddi:90	10	0	0	0	0	1
id:DB04576	ddi:416	5	0	0	0	0	1
id:DB04599	ddi:385	5	0	0	0	0	1
id:DB04630	ddi:451	5	0	0	0	0	1
id:DB04711	ddi:1	5	0	0	0	0	1
id:DB04743	ddi:950	10	0	0	0	0	1
id:DB04794	ddi:180	10	0	0	0	0	1
id:DB04812	ddi:746	5	0	0	0	0	1
id:DB04816	ddi:201	15	0	0	0	0	1
id:DB04817	ddi:777	15	0	0	0	0	1
id:DB04818	ddi:782	5	0	0	0	0	1
id:DB04819	ddi:393	5	0	0	0	0	1
id:DB04820	ddi:704	5	0	0	0	0	1
id:DB04821	ddi:385	5	0	0	0	0	1
id:DB04823	ddi:201	5	0	0	0	0	1
id:DB04824	ddi:201	5	0	0	0	0	1
id:DB04825	ddi:523	10	0	0	0	0	1
id:DB04826	ddi:4	15	0	0	0	0	1
id:DB04828	ddi:784	5	0	0	0	0	1
id:DB04830	ddi:325	5	0	0	0	0	1
id:DB04831	ddi:725	5	0	0	0	0	1
id:DB04832	ddi:839	5	0	0	0	0	1
id:DB04833	ddi:434	10	0	0	0	0	1
id:DB04835	ddi:57	5	0	0	0	0	1
id:DB04836	ddi:672	5	0	0	0	0	1
id:DB04837	ddi:9	5	0	0	0	0	1
id:DB04838	ddi:375	5	0	0	0	0	1
id:DB04839	ddi:466	10	0	0	0	0	1
id:DB04840	ddi:521	5	0	0	0	0	1
id:DB04841	ddi:903	5	0	0	0	0	1
id:DB04842	ddi:805	5	0	0	0	0	1
id:DB04843	ddi:485	5	0	0	0	0	1
id:DB04844	ddi:473	5	0	0	0	0	1
id:DB04845	ddi:437	5	0	0	0	0	1
id:DB04846	ddi:802	5	0	0	0	0	1
id:DB04849	ddi:9	5	0	0	0	0	1
id:DB04854	ddi:113	5	0	0	0	0	1
id:DB04855	ddi:925	5	0	0	0	0	1
id:DB04861	ddi:739	20	0	0	0	0	1
id:DB04865	ddi:80	5	0	0	0	0	1
id:DB04868	ddi:815	5	0	0	0	0	1
id:DB04871	ddi:967	5	0	0	0	0	1
id:DB04876	ddi:321	10	0	0	0	0	1
id:DB04878	ddi:301	5	0	0	0	0	1
id:DB04880	ddi:6	5	0	0	0	0	1
id:DB04884	ddi:787	5	0	0	0	0	1
id:DB04885	ddi:385	5	0	0	0	0	1
id:DB04894	ddi:111	5	0	0	0	0	1
id:DB04898	ddi:446	5	0	0	0	0	1
id:DB04908	ddi:730	5	0	0	0	0	1
id:DB04911	ddi:389	5	0	0	0	0	1
id:DB04920	ddi:967	5	0	0	0	0	1
id:DB04930	ddi:449	10	0	0	0	0	1
id:DB04938	ddi:408	5	0	0	0	0	1
id:DB04946	ddi:936	5	0	0	0	0	1
id:DB04951	ddi:289	5	0	0	0	0	1
id:DB04953	ddi:927	5	0	0	0	0	1
id:DB04977	ddi:56	5	0	0	0	0	1
id:DB04996	ddi:6	5	0	0	0	0	1
id:DB05015	ddi:380	5	0	0	0	0	1
id:DB05016	ddi:80	5	0	0	0	0	1
id:DB05018	ddi:472	5	0	0	0	0	1
id:DB05039	ddi:676	20	0	0	0	0	1
id:DB05109	ddi:673	5	0	0	0	0	1
id:DB05168	ddi:16	5	0	0	0	0	1
id:DB05229	ddi:408	5	0	0	0	0	1
id:DB05239	ddi:346	5	0	0	0	0	1
id:DB05245	ddi:1	15	0	0	0	0	1
id:DB05246	ddi:839	5	0	0	0	0	1
id:DB05266	ddi:402	5	0	0	0	0	1
id:DB05271	ddi:762	5	0	0	0	0	1
id:DB05294	ddi:499	5	0	0	0	0	1
id:DB05316	ddi:322	5	0	0	0	0	1
id:DB05351	ddi:190	5	0	0	0	0	1
id:DB05381	ddi:68	10	0	0	0	0	1
id:DB05521	ddi:524	5	0	0	0	0	1
id:DB05528	ddi:17	5	0	0	0	0	1
id:DB05541	ddi:930	5	0	0	0	0	1
id:DB05676	ddi:904	5	0	0	0	0	1
id:DB05812	ddi:620	5	0	0	0	0	1
id:DB05990	ddi:189	5	0	0	0	0	1
id:DB06016	ddi:743	5	0	0	0	0	1
id:DB06144	ddi:576	5	0	0	0	0	1
id:DB06145	ddi:23	10	0	0	0	0	1
id:DB06147	ddi:1	15	0	0	0	0	1
id:DB06148	ddi:813	5	0	0	0	0	1
id:DB06150	ddi:50	10	0	0	0	0	1
id:DB06151	ddi:37	15	0	0	0	0	1
id:DB06152	ddi:584	10	0	0	0	0	1
id:DB06153	ddi:667	5	0	0	0	0	1
id:DB06154	ddi:485	10	0	0	0	0	1
id:DB06155	ddi:479	5	0	0	0	0	1
id:DB06160	ddi:483	5	0	0	0	0	1
id:DB06174	ddi:247	5	0	0	0	0	1
id:DB06176	ddi:544	5	0	0	0	0	1
id:DB06196	ddi:469	5	0	0	0	0	1
id:DB06200	ddi:273	5	0	0	0	0	1
id:DB06201	ddi:516	5	0	0	0	0	1
id:DB06202	ddi:1	5	0	0	0	0	1
id:DB06203	ddi:825	15	0	0	0	0	1
id:DB06204	ddi:468	5	0	0	0	0	1
id:DB06206	ddi:36	5	0	0	0	0	1
id:DB06207	ddi:357	5	0	0	0	0	1
id:DB06209	ddi:748	5	0	0	0	0	1
id:DB06210	ddi:388	5	0	0	0	0	1
id:DB06211	ddi:483	5	0	0	0	0	1
id:DB06212	ddi:709	5	0	0	0	0	1
id:DB06213	ddi:11	5	0	0	0	0	1
id:DB06216	ddi:887	5	0	0	0	0	1
id:DB06217	ddi:408	5	0	0	0	0	1
id:DB06218	ddi:776	5	0	0	0	0	1
id:DB06228	ddi:766	5	0	0	0	0	1
id:DB06230	ddi:480	5	0	0	0	0	1
id:DB06233	ddi:151	5	0	0	0	0	1
id:DB06234	ddi:174	5	0	0	0	0	1
id:DB06237	ddi:517	5	0	0	0	0	1
id:DB06261	ddi:2	5	0	0	0	0	1
id:DB06262	ddi:745	5	0	0	0	0	1
id:DB06264	ddi:383	10	0	0	0	0	1
id:DB06266	ddi:212	5	0	0	0	0	1
id:DB06267	ddi:364	5	0	0	0	0	1
id:DB06268	ddi:606	5	0	0	0	0	1
id:DB06274	ddi:29	5	0	0	0	0	1
id:DB06282	ddi:917	5	0	0	0	0	1
id:DB06283	ddi:571	5	0	0	0	0	1
id:DB06287	ddi:651	5	0	0	0	0	1
id:DB06288	ddi:573	5	0	0	0	0	1
id:DB06290	ddi:624	10	0	0	0	0	1
id:DB06292	ddi:941	20	0	0	0	0	1
id:DB06335	ddi:805	20	0	0	0	0	1
id:DB06358	ddi:3	5	0	0	0	0	1
id:DB06401	ddi:32	10	0	0	0	0	1
id:DB06402	ddi:655	5	0	0	0	0	1
id:DB06403	ddi:590	10	0	0	0	0	1
id:DB06410	ddi:67	5	0	0	0	0	1
id:DB06412	ddi:105	5	0	0	0	0	1
id:DB06413	ddi:423	5	0	0	0	0	1
id:DB06414	ddi:378	5	0	0	0	0	1
id:DB06441	ddi:302	5	0	0	0	0	1
id:DB06470	ddi:541	10	0	0	0	0	1
id:DB06479	ddi:319	5	0	0	0	0	1
id:DB06480	ddi:738	5	0	0	0	0	1
id:DB06535	ddi:33	5	0	0	0	0	1
id:DB06589	ddi:780	5	0	0	0	0	1
id:DB06590	ddi:449	5	0	0	0	0	1
id:DB06594	ddi:579	5	0	0	0	0	1
id:DB06595	ddi:528	5	0	0	0	0	1
id:DB06600	ddi:483	5	0	0	0	0	1
id:DB06603	ddi:625	5	0	0	0	0	1
id:DB06605	ddi:637	5	0	0	0	0	1
id:DB06608	ddi:282	5	0	0	0	0	1
id:DB06616	ddi:504	5	0	0	0	0	1
id:DB06623	ddi:449	5	0	0	0	0	1
id:DB06626	ddi:524	5	0	0	0	0	1
id:DB06637	ddi:526	5	0	0	0	0	1
id:DB06654	ddi:790	5	0	0	0	0	1
id:DB06663	ddi:393	5	0	0	0	0	1
id:DB06684	ddi:761	5	0	0	0	0	1
id:DB06685	ddi:57	5	0	0	0	0	1
id:DB06690	ddi:610	10	0	0	0	0	1
id:DB06691	ddi:598	10	0	0	0	0	1
id:DB06694	ddi:504	20	0	0	0	0	1
id:DB06695	ddi:690	5	0	0	0	0	1
id:DB06696	ddi:489	5	0	0	0	0	1
id:DB06697	ddi:549	10	0	0	0	0	1
id:DB06698	ddi:121	5	0	0	0	0	1
id:DB06699	ddi:239	5	0	0	0	0	1
id:DB06701	ddi:621	5	0	0	0	0	1
id:DB06702	ddi:950	5	0	0	0	0	1
id:DB06704	ddi:69	15	0	0	0	0	1
id:DB06705	ddi:449	5	0	0	0	0	1
id:DB06706	ddi:395	5	0	0	0	0	1
id:DB06708	ddi:391	5	0	0	0	0	1
id:DB06709	ddi:201	5	0	0	0	0	1
id:DB06710	ddi:624	15	0	0	0	0	1
id:DB06711	ddi:488	20	0	0	0	0	1
id:DB06712	ddi:916	5	0	0	0	0	1
id:DB06713	ddi:251	5	0	0	0	0	1
id:DB06715	ddi:271	15	0	0	0	0	1
id:DB06718	ddi:83	5	0	0	0	0	1
id:DB06719	ddi:275	5	0	0	0	0	1
id:DB06723	ddi:179	15	0	0	0	0	1
id:DB06724	ddi:219	15	0	0	0	0	1
id:DB06725	ddi:844	5	0	0	0	0	1
id:DB06727	ddi:278	5	0	0	0	0	1
id:DB06729	ddi:352	15	0	0	0	0	1
id:DB06730	ddi:386	10	0	0	0	0	1
id:DB06736	ddi:758	10	0	0	0	0	1
id:DB06738	ddi:686	10	0	0	0	0	1
id:DB06739	ddi:426	5	0	0	0	0	1
id:DB06742	ddi:57	10	0	0	0	0	1
id:DB06751	ddi:2	5	0	0	0	0	1
id:DB06753	ddi:382	5	0	0	0	0	1
id:DB06755	ddi:1	10	0	0	0	0	1
id:DB06756	ddi:158	10	0	0	0	0	1
id:DB06762	ddi:412	10	0	0	0	0	1
id:DB06764	ddi:385	20	0	0	0	0	1
id:DB06766	ddi:4	5	0	0	0	0	1
id:DB06767	ddi:517	10	0	0	0	0	1
id:DB06769	ddi:405	5	0	0	0	0	1
id:DB06770	ddi:662	5	0	0	0	0	1
id:DB06771	ddi:4	5	0	0	0	0	1
id:DB06772	ddi:545	5	0	0	0	0	1
id:DB06774	ddi:402	10	0	0	0	0	1
id:DB06777	ddi:151	5	0	0	0	0	1
id:DB06781	ddi:63	5	0	0	0	0	1
id:DB06782	ddi:452	5	0	0	0	0	1
id:DB06783	ddi:70	5	0	0	0	0	1
id:DB06786	ddi:62	5	0	0	0	0	1
id:DB06787	ddi:485	5	0	0	0	0	1
id:DB06788	ddi:275	5	0	0	0	0	1
id:DB06791	ddi:228	5	0	0	0	0	1
id:DB06792	ddi:57	5	0	0	0	0	1
id:DB06795	ddi:3	10	0	0	0	0	1
id:DB06796	ddi:449	5	0	0	0	0	1
id:DB06797	ddi:381	5	0	0	0	0	1
id:DB06799	ddi:51	5	0	0	0	0	1
id:DB06800	ddi:474	5	0	0	0	0	1
id:DB06802	ddi:67	5	0	0	0	0	1
id:DB06803	ddi:291	5	0	0	0	0	1
id:DB06809	ddi:449	5	0	0	0	0	1
id:DB06811	ddi:0	5	0	0	0	0	1
id:DB06813	ddi:585	5	0	0	0	0	1
id:DB06815	ddi:454	5	0	0	0	0	1
id:DB06817	ddi:129	10	0	0	0	0	1
id:DB06819	ddi:203	5	0	0	0	0	1
id:DB06821	ddi:57	10	0	0	0	0	1
id:DB06823	ddi:449	5	0	0	0	0	1
id:DB06824	ddi:462	5	0	0	0	0	1
id:DB06825	ddi:275	5	0	0	0	0	1
id:DB06826	ddi:163	5	0	0	0	0	1
id:DB07118	ddi:12	5	0	0	0	0	1
id:DB07402	ddi:746	5	0	0	0	0	1
id:DB07477	ddi:66	5	0	0	0	0	1
id:DB07637	ddi:134	5	0	0	0	0	1
id:DB08162	ddi:236	5	0	0	0	0	1
id:DB08329	ddi:435	5	0	0	0	0	1
id:DB08439	ddi:873	5	0	0	0	0	1
id:DB08621	ddi:6	10	0	0	0	0	1
id:DB08794	ddi:657	5	0	0	0	0	1
id:DB08795	ddi:79	5	0	0	0	0	1
id:DB08797	ddi:744	15	0	0	0	0	1
id:DB08798	ddi:185	10	0	0	0	0	1
id:DB08799	ddi:253	10	0	0	0	0	1
id:DB08800	ddi:14	15	0	0	0	0	1
id:DB08801	ddi:485	10	0	0	0	0	1
id:DB08802	ddi:14	10	0	0	0	0	1
id:DB08803	ddi:1	5	0	0	0	0	1
id:DB08806	ddi:62	5	0	0	0	0	1
id:DB08807	ddi:563	10	0	0	0	0	1
id:DB08808	ddi:767	5	0	0	0	0	1
id:DB08810	ddi:598	5	0	0	0	0	1
id:DB08811	ddi:398	5	0	0	0	0	1
id:DB08814	ddi:302	5	0	0	0	0	1
id:DB08815	ddi:809	5	0	0	0	0	1
id:DB08816	ddi:606	5	0	0	0	0	1
id:DB08819	ddi:56	5	0	0	0	0	1
id:DB08820	ddi:288	15	0	0	0	0	1
id:DB08822	ddi:418	10	0	0	0	0	1
id:DB08824	ddi:470	5	0	0	0	0	1
id:DB08826	ddi:465	5	0	0	0	0	1
id:DB08827	ddi:324	5	0	0	0	0	1
id:DB08828	ddi:293	5	0	0	0	0	1
id:DB08836	ddi:474	5	0	0	0	0	1
id:DB08840	ddi:454	5	0	0	0	0	1
id:DB08860	ddi:411	5	0	0	0	0	1
id:DB08864	ddi:624	20	0	0	0	0	1
id:DB08865	ddi:698	5	0	0	0	0	1
id:DB08867	ddi:265	10	0	0	0	0	1
id:DB08868	ddi:272	5	0	0	0	0	1
id:DB08869	ddi:2	5	0	0	0	0	1
id:DB08871	ddi:404	5	0	0	0	0	1
id:DB08873	ddi:481	5	0	0	0	0	1
id:DB08874	ddi:6	5	0	0	0	0	1
id:DB08875	ddi:292	5	0	0	0	0	1
id:DB08877	ddi:839	5	0	0	0	0	1
id:DB08880	ddi:397	5	0	0	0	0	1
id:DB08881	ddi:744	10	0	0	0	0	1
id:DB08882	ddi:756	15	0	0	0	0	1
id:DB08883	ddi:721	5	0	0	0	0	1
id:DB08884	ddi:76	5	0	0	0	0	1
id:DB08889	ddi:280	5	0	0	0	0	1
id:DB08890	ddi:201	5	0	0	0	0	1
id:DB08893	ddi:981	5	0	0	0	0	1
id:DB08895	ddi:390	5	0	0	0	0	1
id:DB08896	ddi:519	5	0	0	0	0	1
id:DB08897	ddi:831	10	0	0	0	0	1
id:DB08899	ddi:897	5	0	0	0	0	1
id:DB08901	ddi:663	5	0	0	0	0	1
id:DB08903	ddi:279	5	0	0	0	0	1
id:DB08905	ddi:564	5	0	0	0	0	1
id:DB08906	ddi:605	20	0	0	0	0	1
id:DB08907	ddi:876	10	0	0	0	0	1
id:DB08908	ddi:138	5	0	0	0	0	1
id:DB08909	ddi:683	5	0	0	0	0	1
id:DB08911	ddi:517	5	0	0	0	0	1
id:DB08912	ddi:757	5	0	0	0	0	1
id:DB08916	ddi:191	5	0	0	0	0	1
id:DB08925	ddi:362	5	0	0	0	0	1
id:DB08930	ddi:250	25	0	0	0	0	1
id:DB08931	ddi:617	5	0	0	0	0	1
id:DB08932	ddi:712	5	0	0	0	0	1
id:DB08933	ddi:67	5	0	0	0	0	1
id:DB08934	ddi:569	20	0	0	0	0	1
id:DB08936	ddi:251	5	0	0	0	0	1
id:DB08938	ddi:206	10	0	0	0	0	1
id:DB08940	ddi:743	5	0	0	0	0	1
id:DB08941	ddi:444	5	0	0	0	0	1
id:DB08947	ddi:1	5	0	0	0	0	1
id:DB08949	ddi:1	5	0	0	0	0	1
id:DB08950	ddi:394	5	0	0	0	0	1
id:DB08951	ddi:746	5	0	0	0	0	1
id:DB08954	ddi:641	5	0	0	0	0	1
id:DB08955	ddi:746	5	0	0	0	0	1
id:DB08957	ddi:399	10	0	0	0	0	1
id:DB08958	ddi:5	10	0	0	0	0	1
id:DB08962	ddi:520	5	0	0	0	0	1
id:DB08965	ddi:5	5	0	0	0	0	1
id:DB08967	ddi:10	5	0	0	0	0	1
id:DB08970	ddi:546	15	0	0	0	0	1
id:DB08971	ddi:546	35	0	0	0	0	1
id:DB08972	ddi:483	5	0	0	0	0	1
id:DB08974	ddi:1	5	0	0	0	0	1
id:DB08976	ddi:746	5	0	0	0	0	1
id:DB08980	ddi:523	5	0	0	0	0	1
id:DB08981	ddi:746	5	0	0	0	0	1
id:DB08983	ddi:108	5	0	0	0	0	1
id:DB08984	ddi:764	5	0	0	0	0	1
id:DB08985	ddi:383	10	0	0	0	0	1
id:DB08986	ddi:381	5	0	0	0	0	1
id:DB08992	ddi:777	5	0	0	0	0	1
id:DB08993	ddi:6	5	0	0	0	0	1
id:DB08994	ddi:298	5	0	0	0	0	1
id:DB08995	ddi:294	10	0	0	0	0	1
id:DB08996	ddi:928	5	0	0	0	0	1
id:DB08997	ddi:486	5	0	0	0	0	1
id:DB08999	ddi:81	5	0	0	0	0	1
id:DB09000	ddi:461	5	0	0	0	0	1
id:DB09001	ddi:643	5	0	0	0	0	1
id:DB09007	ddi:486	15	0	0	0	0	1
id:DB09008	ddi:505	5	0	0	0	0	1
id:DB09009	ddi:442	10	0	0	0	0	1
id:DB09011	ddi:435	5	0	0	0	0	1
id:DB09013	ddi:7	5	0	0	0	0	1
id:DB09014	ddi:386	5	0	0	0	0	1
id:DB09015	ddi:493	5	0	0	0	0	1
id:DB09017	ddi:446	5	0	0	0	0	1
id:DB09018	ddi:17	5	0	0	0	0	1
id:DB09020	ddi:216	15	0	0	0	0	1
id:DB09021	ddi:381	5	0	0	0	0	1
id:DB09022	ddi:301	5	0	0	0	0	1
id:DB09026	ddi:451	25	0	0	0	0	1
id:DB09027	ddi:585	5	0	0	0	0	1
id:DB09030	ddi:533	5	0	0	0	0	1
id:DB09031	ddi:5	5	0	0	0	0	1
id:DB09034	ddi:640	5	0	0	0	0	1
id:DB09038	ddi:425	15	0	0	0	0	1
id:DB09039	ddi:511	5	0	0	0	0	1
id:DB09049	ddi:344	5	0	0	0	0	1
id:DB09053	ddi:546	5	0	0	0	0	1
id:DB09054	ddi:441	5	0	0	0	0	1
id:DB09055	ddi:85	5	0	0	0	0	1
id:DB09056	ddi:1	5	0	0	0	0	1
id:DB09059	ddi:24	5	0	0	0	0	1
id:DB09061	ddi:874	5	0	0	0	0	1
id:DB09062	ddi:450	5	0	0	0	0	1
id:DB09063	ddi:640	5	0	0	0	0	1
id:DB09064	ddi:108	5	0	0	0	0	1
id:DB09065	ddi:587	30	0	0	0	0	1
id:DB09068	ddi:1097	5	0	0	0	0	1
id:DB09069	ddi:1	5	0	0	0	0	1
id:DB09070	ddi:80	5	0	0	0	0	1
id:DB09071	ddi:980	5	0	0	0	0	1
id:DB09072	ddi:382	10	0	0	0	0	1
id:DB09073	ddi:492	5	0	0	0	0	1
id:DB09074	ddi:471	5	0	0	0	0	1
id:DB09075	ddi:668	5	0	0	0	0	1
id:DB09076	ddi:687	15	0	0	0	0	1
id:DB09078	ddi:454	5	0	0	0	0	1
id:DB09079	ddi:348	5	0	0	0	0	1
id:DB09080	ddi:735	10	0	0	0	0	1
id:DB09081	ddi:448	5	0	0	0	0	1
id:DB09082	ddi:942	15	0	0	0	0	1
id:DB09083	ddi:326	15	0	0	0	0	1
id:DB09084	ddi:751	25	0	0	0	0	1
id:DB09085	ddi:403	25	0	0	0	0	1
id:DB09090	ddi:523	5	0	0	0	0	1
id:DB09091	ddi:685	15	0	0	0	0	1
id:DB09092	ddi:1	5	0	0	0	0	1
id:DB09093	ddi:3	25	0	0	0	0	1
id:DB09095	ddi:817	15	0	0	0	0	1
id:DB09096	ddi:1	10	0	0	0	0	1
id:DB09097	ddi:59	5	0	0	0	0	1
id:DB09099	ddi:124	5	0	0	0	0	1
id:DB09101	ddi:472	15	0	0	0	0	1
id:DB09102	ddi:290	10	0	0	0	0	1
id:DB09104	ddi:723	10	0	0	0	0	1
id:DB09112	ddi:195	5	0	0	0	0	1
id:DB09116	ddi:3	5	0	0	0	0	1
id:DB09117	ddi:438	5	0	0	0	0	1
id:DB09121	ddi:449	5	0	0	0	0	1
id:DB09123	ddi:674	20	0	0	0	0	1
id:DB09124	ddi:104	10	0	0	0	0	1
id:DB09125	ddi:682	5	0	0	0	0	1
id:DB09128	ddi:789	5	0	0	0	0	1
id:DB09132	ddi:449	5	0	0	0	0	1
id:DB09133	ddi:449	5	0	0	0	0	1
id:DB09134	ddi:449	5	0	0	0	0	1
id:DB09135	ddi:449	5	0	0	0	0	1
id:DB09137	ddi:510	5	0	0	0	0	1
id:DB09139	ddi:475	5	0	0	0	0	1
id:DB09142	ddi:31	5	0	0	0	0	1
id:DB09143	ddi:228	5	0	0	0	0	1
id:DB09146	ddi:72	10	0	0	0	0	1
id:DB09148	ddi:449	5	0	0	0	0	1
id:DB09149	ddi:449	5	0	0	0	0	1
id:DB09153	ddi:1	15	0	0	0	0	1
id:DB09154	ddi:369	5	0	0	0	0	1
id:DB09156	ddi:449	5	0	0	0	0	1
id:DB09161	ddi:118	5	0	0	0	0	1
id:DB09165	ddi:449	5	0	0	0	0	1
id:DB09166	ddi:507	5	0	0	0	0	1
id:DB09167	ddi:945	5	0	0	0	0	1
id:DB09183	ddi:464	10	0	0	0	0	1
id:DB09185	ddi:817	5	0	0	0	0	1
id:DB09194	ddi:773	5	0	0	0	0	1
id:DB09203	ddi:383	15	0	0	0	0	1
id:DB09205	ddi:663	10	0	0	0	0	1
id:DB09206	ddi:379	5	0	0	0	0	1
id:DB09209	ddi:461	5	0	0	0	0	1
id:DB09210	ddi:451	5	0	0	0	0	1
id:DB09213	ddi:877	5	0	0	0	0	1
id:DB09214	ddi:772	15	0	0	0	0	1
